GE_L1-1.txt ; 1 ; 17 ; 2.86237 ; 
GE_L1-1.txt ; 2 ; 17 ; 2.72357 ; 
GE_L1-1.txt ; 3 ; 17 ; 2.72922 ; 
GE_L1-2.txt ; 1 ; 17 ; 2.45969 ; 
GE_L1-2.txt ; 2 ; 17 ; 2.41554 ; 
GE_L1-2.txt ; 3 ; 17 ; 2.42122 ; 
GE_L1-3.txt ; 1 ; 15 ; 2.58044 ; 
GE_L1-3.txt ; 2 ; 15 ; 2.63079 ; 
GE_L1-3.txt ; 3 ; 15 ; 2.55355 ; 
GE_L1-4.txt ; 1 ; 15 ; 2.56063 ; 
GE_L1-4.txt ; 2 ; 15 ; 2.52256 ; 
GE_L1-4.txt ; 3 ; 15 ; 2.62395 ; 
GE_L1-5.txt ; 1 ; 16 ; 2.85079 ; 
GE_L1-5.txt ; 2 ; 16 ; 2.80963 ; 
GE_L1-5.txt ; 3 ; 16 ; 2.81957 ; 
GE_L1-6.txt ; 1 ; 17 ; 2.81224 ; 
GE_L1-6.txt ; 2 ; 17 ; 2.69476 ; 
GE_L1-6.txt ; 3 ; 17 ; 2.67979 ; 
GE_L1-7.txt ; 1 ; 17 ; 2.50241 ; 
GE_L1-7.txt ; 2 ; 17 ; 2.63923 ; 
GE_L1-7.txt ; 3 ; 17 ; 2.64629 ; 
GE_L1-8.txt ; 1 ; 18 ; 2.88875 ; 
GE_L1-8.txt ; 2 ; 18 ; 2.78435 ; 
GE_L1-8.txt ; 3 ; 18 ; 2.89378 ; 
GE_L1-9.txt ; 1 ; 16 ; 2.7078 ; 
GE_L1-9.txt ; 2 ; 16 ; 2.86721 ; 
GE_L1-9.txt ; 3 ; 16 ; 2.86208 ; 
GE_L1-10.txt ; 1 ; 15 ; 3.08207 ; 
GE_L1-10.txt ; 2 ; 15 ; 2.62644 ; 
GE_L1-10.txt ; 3 ; 15 ; 2.68911 ; 
GE_L2-1.txt ; 1 ; 13 ; 2.46059 ; 
GE_L2-1.txt ; 2 ; 13 ; 2.3974 ; 
GE_L2-1.txt ; 3 ; 13 ; 2.41525 ; 
GE_L2-2.txt ; 1 ; 16 ; 2.72872 ; 
GE_L2-2.txt ; 2 ; 16 ; 2.74594 ; 
GE_L2-2.txt ; 3 ; 16 ; 2.65071 ; 
GE_L2-3.txt ; 1 ; 14 ; 2.37856 ; 
GE_L2-3.txt ; 2 ; 14 ; 2.43306 ; 
GE_L2-3.txt ; 3 ; 14 ; 2.28888 ; 
GE_L2-4.txt ; 1 ; 16 ; 2.70244 ; 
GE_L2-4.txt ; 2 ; 16 ; 2.63096 ; 
GE_L2-4.txt ; 3 ; 16 ; 2.67775 ; 
GE_L2-5.txt ; 1 ; 14 ; 1.99313 ; 
GE_L2-5.txt ; 2 ; 14 ; 1.94344 ; 
GE_L2-5.txt ; 3 ; 14 ; 1.92456 ; 
GE_L2-6.txt ; 1 ; 15 ; 2.57793 ; 
GE_L2-6.txt ; 2 ; 15 ; 2.69049 ; 
GE_L2-6.txt ; 3 ; 15 ; 2.55314 ; 
GE_L2-7.txt ; 1 ; 16 ; 2.98449 ; 
GE_L2-7.txt ; 2 ; 16 ; 3.0181 ; 
GE_L2-7.txt ; 3 ; 16 ; 3.06408 ; 
GE_L2-8.txt ; 1 ; 16 ; 2.75295 ; 
GE_L2-8.txt ; 2 ; 16 ; 2.73366 ; 
GE_L2-8.txt ; 3 ; 16 ; 2.89142 ; 
GE_L2-9.txt ; 1 ; 14 ; 2.39743 ; 
GE_L2-9.txt ; 2 ; 14 ; 2.37077 ; 
GE_L2-9.txt ; 3 ; 14 ; 2.67824 ; 
GE_L2-10.txt ; 1 ; 18 ; 2.86138 ; 
GE_L2-10.txt ; 2 ; 18 ; 2.90817 ; 
GE_L2-10.txt ; 3 ; 18 ; 2.87258 ; 
GE_L3-1.txt ; 1 ; 14 ; 2.48171 ; 
GE_L3-1.txt ; 2 ; 14 ; 2.67962 ; 
GE_L3-1.txt ; 3 ; 14 ; 2.54599 ; 
GE_L3-2.txt ; 1 ; 13 ; 2.25006 ; 
GE_L3-2.txt ; 2 ; 13 ; 2.27418 ; 
GE_L3-2.txt ; 3 ; 13 ; 2.33724 ; 
GE_L3-3.txt ; 1 ; 13 ; 2.32853 ; 
GE_L3-3.txt ; 2 ; 13 ; 2.22498 ; 
GE_L3-3.txt ; 3 ; 13 ; 2.24305 ; 
GE_L3-4.txt ; 1 ; 12 ; 1.89602 ; 
GE_L3-4.txt ; 2 ; 12 ; 1.95457 ; 
GE_L3-4.txt ; 3 ; 12 ; 1.88025 ; 
GE_L3-5.txt ; 1 ; 13 ; 2.21737 ; 
GE_L3-5.txt ; 2 ; 13 ; 2.21398 ; 
GE_L3-5.txt ; 3 ; 13 ; 2.2601 ; 
GE_L3-6.txt ; 1 ; 16 ; 2.53596 ; 
GE_L3-6.txt ; 2 ; 16 ; 2.51903 ; 
GE_L3-6.txt ; 3 ; 16 ; 2.5196 ; 
GE_L3-7.txt ; 1 ; 12 ; 2.14302 ; 
GE_L3-7.txt ; 2 ; 12 ; 2.10211 ; 
GE_L3-7.txt ; 3 ; 12 ; 2.08143 ; 
GE_L3-8.txt ; 1 ; 15 ; 2.27011 ; 
GE_L3-8.txt ; 2 ; 15 ; 2.16808 ; 
GE_L3-8.txt ; 3 ; 15 ; 2.43139 ; 
GE_L3-9.txt ; 1 ; 15 ; 2.68861 ; 
GE_L3-9.txt ; 2 ; 15 ; 2.47223 ; 
GE_L3-9.txt ; 3 ; 15 ; 2.51119 ; 
GE_L3-10.txt ; 1 ; 18 ; 2.60889 ; 
GE_L3-10.txt ; 2 ; 18 ; 2.69257 ; 
GE_L3-10.txt ; 3 ; 18 ; 2.57307 ; 
GE_L4-1.txt ; 1 ; 13 ; 2.32726 ; 
GE_L4-1.txt ; 2 ; 13 ; 2.32763 ; 
GE_L4-1.txt ; 3 ; 13 ; 2.27655 ; 
GE_L4-2.txt ; 1 ; 13 ; 2.25497 ; 
GE_L4-2.txt ; 2 ; 13 ; 2.24781 ; 
GE_L4-2.txt ; 3 ; 13 ; 2.2291 ; 
GE_L4-3.txt ; 1 ; 15 ; 2.41363 ; 
GE_L4-3.txt ; 2 ; 15 ; 2.32813 ; 
GE_L4-3.txt ; 3 ; 15 ; 2.41786 ; 
GE_L4-4.txt ; 1 ; 15 ; 2.48931 ; 
GE_L4-4.txt ; 2 ; 15 ; 2.36611 ; 
GE_L4-4.txt ; 3 ; 15 ; 2.42167 ; 
GE_L4-5.txt ; 1 ; 13 ; 2.31718 ; 
GE_L4-5.txt ; 2 ; 13 ; 2.39471 ; 
GE_L4-5.txt ; 3 ; 13 ; 2.45756 ; 
GE_L4-6.txt ; 1 ; 12 ; 1.85216 ; 
GE_L4-6.txt ; 2 ; 12 ; 1.79031 ; 
GE_L4-6.txt ; 3 ; 12 ; 1.75916 ; 
GE_L4-7.txt ; 1 ; 14 ; 2.08693 ; 
GE_L4-7.txt ; 2 ; 14 ; 2.11997 ; 
GE_L4-7.txt ; 3 ; 14 ; 2.26985 ; 
GE_L4-8.txt ; 1 ; 11 ; 1.92434 ; 
GE_L4-8.txt ; 2 ; 11 ; 1.90638 ; 
GE_L4-8.txt ; 3 ; 11 ; 1.92537 ; 
GE_L4-9.txt ; 1 ; 13 ; 2.06569 ; 
GE_L4-9.txt ; 2 ; 13 ; 2.0211 ; 
GE_L4-9.txt ; 3 ; 13 ; 2.02829 ; 
GE_L4-10.txt ; 1 ; 12 ; 2.02792 ; 
GE_L4-10.txt ; 2 ; 12 ; 2.19822 ; 
GE_L4-10.txt ; 3 ; 12 ; 2.19312 ; 
GE_L5-1.txt ; 1 ; 38 ; 5.5307 ; 
GE_L5-1.txt ; 2 ; 38 ; 5.26786 ; 
GE_L5-1.txt ; 3 ; 38 ; 5.70817 ; 
GE_L5-2.txt ; 1 ; 29 ; 4.68158 ; 
GE_L5-2.txt ; 2 ; 29 ; 4.60235 ; 
GE_L5-2.txt ; 3 ; 29 ; 4.47815 ; 
GE_L5-3.txt ; 1 ; 33 ; 4.46094 ; 
GE_L5-3.txt ; 2 ; 33 ; 4.46877 ; 
GE_L5-3.txt ; 3 ; 33 ; 4.63684 ; 
GE_L5-4.txt ; 1 ; 33 ; 4.7026 ; 
GE_L5-4.txt ; 2 ; 33 ; 4.59321 ; 
GE_L5-4.txt ; 3 ; 33 ; 4.7106 ; 
GE_L5-5.txt ; 1 ; 34 ; 4.85164 ; 
GE_L5-5.txt ; 2 ; 34 ; 4.6599 ; 
GE_L5-5.txt ; 3 ; 34 ; 4.66449 ; 
GE_L5-6.txt ; 1 ; 33 ; 4.56174 ; 
GE_L5-6.txt ; 2 ; 33 ; 4.62587 ; 
GE_L5-6.txt ; 3 ; 33 ; 4.63491 ; 
GE_L5-7.txt ; 1 ; 39 ; 5.44817 ; 
GE_L5-7.txt ; 2 ; 39 ; 5.08698 ; 
GE_L5-7.txt ; 3 ; 39 ; 5.39032 ; 
GE_L5-8.txt ; 1 ; 42 ; 6.12812 ; 
GE_L5-8.txt ; 2 ; 42 ; 6.17858 ; 
GE_L5-8.txt ; 3 ; 42 ; 6.02639 ; 
GE_L5-9.txt ; 1 ; 36 ; 5.20363 ; 
GE_L5-9.txt ; 2 ; 36 ; 5.16755 ; 
GE_L5-9.txt ; 3 ; 36 ; 5.12754 ; 
GE_L5-10.txt ; 1 ; 40 ; 5.5845 ; 
GE_L5-10.txt ; 2 ; 40 ; 5.54647 ; 
GE_L5-10.txt ; 3 ; 40 ; 5.47433 ; 
GE_L6-1.txt ; 1 ; 30 ; 3.8529 ; 
GE_L6-1.txt ; 2 ; 30 ; 3.81241 ; 
GE_L6-1.txt ; 3 ; 30 ; 4.13029 ; 
GE_L6-2.txt ; 1 ; 39 ; 5.61727 ; 
GE_L6-2.txt ; 2 ; 39 ; 5.21342 ; 
GE_L6-2.txt ; 3 ; 39 ; 5.67744 ; 
GE_L6-3.txt ; 1 ; 26 ; 4.26953 ; 
GE_L6-3.txt ; 2 ; 26 ; 3.93518 ; 
GE_L6-3.txt ; 3 ; 26 ; 4.23285 ; 
GE_L6-4.txt ; 1 ; 41 ; 5.47469 ; 
GE_L6-4.txt ; 2 ; 41 ; 5.4743 ; 
GE_L6-4.txt ; 3 ; 41 ; 5.32899 ; 
GE_L6-5.txt ; 1 ; 37 ; 5.33012 ; 
GE_L6-5.txt ; 2 ; 37 ; 5.32781 ; 
GE_L6-5.txt ; 3 ; 37 ; 5.31744 ; 
GE_L6-6.txt ; 1 ; 30 ; 4.55241 ; 
GE_L6-6.txt ; 2 ; 30 ; 5.18289 ; 
GE_L6-6.txt ; 3 ; 30 ; 4.22283 ; 
GE_L6-7.txt ; 1 ; 31 ; 3.96464 ; 
GE_L6-7.txt ; 2 ; 31 ; 3.94326 ; 
GE_L6-7.txt ; 3 ; 31 ; 3.92199 ; 
GE_L6-8.txt ; 1 ; 36 ; 4.76322 ; 
GE_L6-8.txt ; 2 ; 36 ; 4.68914 ; 
GE_L6-8.txt ; 3 ; 36 ; 4.76663 ; 
GE_L6-9.txt ; 1 ; 35 ; 4.07139 ; 
GE_L6-9.txt ; 2 ; 35 ; 3.9925 ; 
GE_L6-9.txt ; 3 ; 35 ; 4.04366 ; 
GE_L6-10.txt ; 1 ; 37 ; 5.16019 ; 
GE_L6-10.txt ; 2 ; 37 ; 5.09558 ; 
GE_L6-10.txt ; 3 ; 37 ; 5.1269 ; 
GE_L7-1.txt ; 1 ; 29 ; 3.99804 ; 
GE_L7-1.txt ; 2 ; 29 ; 4.07198 ; 
GE_L7-1.txt ; 3 ; 29 ; 4.00544 ; 
GE_L7-2.txt ; 1 ; 32 ; 3.83322 ; 
GE_L7-2.txt ; 2 ; 32 ; 3.81086 ; 
GE_L7-2.txt ; 3 ; 32 ; 3.83777 ; 
GE_L7-3.txt ; 1 ; 34 ; 4.23531 ; 
GE_L7-3.txt ; 2 ; 34 ; 4.16792 ; 
GE_L7-3.txt ; 3 ; 34 ; 4.24872 ; 
GE_L7-4.txt ; 1 ; 31 ; 4.13824 ; 
GE_L7-4.txt ; 2 ; 31 ; 4.179 ; 
GE_L7-4.txt ; 3 ; 31 ; 4.16658 ; 
GE_L7-5.txt ; 1 ; 33 ; 4.38491 ; 
GE_L7-5.txt ; 2 ; 33 ; 4.43625 ; 
GE_L7-5.txt ; 3 ; 33 ; 4.37048 ; 
GE_L7-6.txt ; 1 ; 34 ; 4.41047 ; 
GE_L7-6.txt ; 2 ; 34 ; 4.44133 ; 
GE_L7-6.txt ; 3 ; 34 ; 4.4499 ; 
GE_L7-7.txt ; 1 ; 29 ; 3.48011 ; 
GE_L7-7.txt ; 2 ; 29 ; 3.45151 ; 
GE_L7-7.txt ; 3 ; 29 ; 3.48513 ; 
GE_L7-8.txt ; 1 ; 30 ; 3.79059 ; 
GE_L7-8.txt ; 2 ; 30 ; 3.77393 ; 
GE_L7-8.txt ; 3 ; 30 ; 3.78509 ; 
GE_L7-9.txt ; 1 ; 39 ; 5.13564 ; 
GE_L7-9.txt ; 2 ; 39 ; 5.12768 ; 
GE_L7-9.txt ; 3 ; 39 ; 5.11859 ; 
GE_L7-10.txt ; 1 ; 28 ; 3.88712 ; 
GE_L7-10.txt ; 2 ; 28 ; 3.88587 ; 
GE_L7-10.txt ; 3 ; 28 ; 3.92147 ; 
GE_L8-1.txt ; 1 ; 32 ; 4.44346 ; 
GE_L8-1.txt ; 2 ; 32 ; 4.36877 ; 
GE_L8-1.txt ; 3 ; 32 ; 4.39088 ; 
GE_L8-2.txt ; 1 ; 31 ; 4.71003 ; 
GE_L8-2.txt ; 2 ; 31 ; 4.72474 ; 
GE_L8-2.txt ; 3 ; 31 ; 4.53956 ; 
GE_L8-3.txt ; 1 ; 36 ; 4.71511 ; 
GE_L8-3.txt ; 2 ; 36 ; 4.7354 ; 
GE_L8-3.txt ; 3 ; 36 ; 4.71685 ; 
GE_L8-4.txt ; 1 ; 36 ; 4.98572 ; 
GE_L8-4.txt ; 2 ; 36 ; 5.19651 ; 
GE_L8-4.txt ; 3 ; 36 ; 5.42372 ; 
GE_L8-5.txt ; 1 ; 32 ; 4.56377 ; 
GE_L8-5.txt ; 2 ; 32 ; 4.60674 ; 
GE_L8-5.txt ; 3 ; 32 ; 4.7263 ; 
GE_L8-6.txt ; 1 ; 32 ; 4.68517 ; 
GE_L8-6.txt ; 2 ; 32 ; 4.81022 ; 
GE_L8-6.txt ; 3 ; 32 ; 4.65784 ; 
GE_L8-7.txt ; 1 ; 31 ; 4.27115 ; 
GE_L8-7.txt ; 2 ; 31 ; 4.15545 ; 
GE_L8-7.txt ; 3 ; 31 ; 4.05444 ; 
GE_L8-8.txt ; 1 ; 29 ; 4.36738 ; 
GE_L8-8.txt ; 2 ; 29 ; 4.41058 ; 
GE_L8-8.txt ; 3 ; 29 ; 4.43349 ; 
GE_L8-9.txt ; 1 ; 39 ; 4.7999 ; 
GE_L8-9.txt ; 2 ; 39 ; 4.60367 ; 
GE_L8-9.txt ; 3 ; 39 ; 4.89573 ; 
GE_L8-10.txt ; 1 ; 33 ; 4.77187 ; 
GE_L8-10.txt ; 2 ; 33 ; 4.79058 ; 
GE_L8-10.txt ; 3 ; 33 ; 4.30171 ; 
