Instancia: GE_L6-8.txt
Número de tarefas: 15
Número de ferramentas: 20
Tamanho da caixa de ferramentas: 8
Matriz de entrada:8
0 0 0 0 1 0 0 0 0 1 0 1 0 0 1 
0 0 0 0 1 0 0 0 0 0 0 1 0 0 0 
0 0 0 0 0 0 0 0 1 0 0 0 0 0 0 
0 1 0 1 1 0 1 1 0 0 0 0 0 1 0 
0 0 0 1 1 0 0 0 0 0 0 0 0 0 1 
0 0 0 1 0 0 0 0 0 0 0 0 0 0 0 
0 0 1 0 0 0 0 1 0 1 1 0 0 0 0 
0 0 1 0 1 1 0 1 0 0 0 0 0 0 0 
1 0 0 0 0 0 0 0 0 0 1 0 0 0 0 
0 1 0 0 0 0 0 1 0 0 0 0 1 1 0 
0 0 1 0 0 1 0 1 0 0 0 1 0 1 0 
0 0 0 0 0 0 0 0 1 0 0 0 0 0 0 
0 0 0 0 0 1 0 0 1 1 0 1 0 0 0 
0 1 0 0 1 0 0 0 0 0 0 0 0 1 0 
1 0 0 0 0 1 1 0 0 0 0 0 0 0 1 
0 0 0 0 0 0 0 1 1 1 0 0 0 0 0 
0 0 0 1 0 0 0 0 1 0 0 0 0 1 0 
0 0 0 0 0 0 0 0 0 0 1 0 1 0 1 
0 0 0 0 0 0 0 0 0 0 0 0 0 0 1 
0 1 1 0 0 0 0 0 1 0 0 0 0 0 1 
Run:2
Tempo decorrido:4.68914
Melhor valor encontrado para as trocas:36
Configuração da ordem das tarefas a serem executadas:
12 7 6 11 1 3 8 14 2 5 4 10 9 13 15 
Configuração da matriz final:
1 0 0 0 0 0 0 0 0 1 0 1 0 0 1 
1 0 0 0 0 0 0 0 0 1 0 0 0 0 0 
0 0 0 0 0 0 0 0 0 0 0 0 1 0 0 
0 1 0 0 0 0 1 1 1 1 1 0 0 0 0 
0 0 0 0 0 0 0 0 0 1 1 0 0 0 1 
0 0 0 0 0 0 0 0 0 0 1 0 0 0 0 
0 0 0 1 0 1 1 0 0 0 0 1 0 0 0 
0 0 1 0 0 1 1 0 0 1 0 0 0 0 0 
0 0 0 1 1 0 0 0 0 0 0 0 0 0 0 
0 0 0 0 0 0 1 1 1 0 0 0 0 1 0 
1 0 1 0 0 1 1 1 0 0 0 0 0 0 0 
0 0 0 0 0 0 0 0 0 0 0 0 1 0 0 
1 0 1 0 0 0 0 0 0 0 0 1 1 0 0 
0 0 0 0 0 0 0 1 1 1 0 0 0 0 0 
0 1 1 0 1 0 0 0 0 0 0 0 0 0 1 
0 0 0 0 0 0 1 0 0 0 0 1 1 0 0 
0 0 0 0 0 0 0 1 0 0 1 0 1 0 0 
0 0 0 1 0 0 0 0 0 0 0 0 0 1 1 
0 0 0 0 0 0 0 0 0 0 0 0 0 0 1 
0 0 0 0 0 1 0 0 1 0 0 0 1 0 1 
