Instancia: GE_L6-10.txt
Número de tarefas: 15
Número de ferramentas: 20
Tamanho da caixa de ferramentas: 8
Matriz de entrada:8
0 0 0 0 0 0 0 0 0 0 0 0 0 1 0 
0 0 1 0 0 0 1 0 0 0 1 0 0 0 0 
0 0 0 0 0 0 0 0 0 1 0 0 0 0 0 
0 0 0 0 0 0 0 0 1 0 1 0 0 0 0 
0 0 1 0 0 1 1 1 1 0 0 1 0 0 0 
0 0 0 0 0 0 1 1 1 0 1 0 1 1 0 
0 1 0 0 0 0 0 1 0 0 1 0 0 0 0 
0 1 0 1 0 1 0 0 0 1 0 0 0 0 0 
1 1 0 0 0 0 0 0 0 0 0 0 0 0 0 
0 0 1 1 0 0 0 0 0 0 0 1 0 0 0 
1 0 0 0 0 0 1 1 0 0 0 0 1 0 1 
1 0 0 1 0 0 0 0 0 0 0 1 0 0 1 
0 0 0 0 0 0 0 0 1 0 0 1 1 1 1 
1 0 0 0 0 0 0 0 0 0 0 1 0 0 1 
1 1 0 0 0 1 0 1 1 1 0 0 1 0 0 
0 0 0 0 0 0 0 0 0 0 1 0 0 0 0 
0 0 0 0 0 0 0 0 1 1 0 1 0 0 0 
0 0 0 0 0 0 1 0 0 0 1 0 0 0 0 
0 0 0 0 1 1 0 0 0 0 0 0 1 0 0 
0 0 1 0 1 0 1 0 0 0 0 0 0 0 1 
Run:1
Tempo decorrido:5.16019
Melhor valor encontrado para as trocas:37
Configuração da ordem das tarefas a serem executadas:
12 15 1 2 5 6 14 9 13 8 11 7 3 10 4 
Configuração da matriz final:
0 0 0 0 0 0 1 0 0 0 0 0 0 0 0 
0 0 0 0 0 0 0 0 0 0 1 1 1 0 0 
0 0 0 0 0 0 0 0 0 0 0 0 0 1 0 
0 0 0 0 0 0 0 1 0 0 1 0 0 0 0 
1 0 0 0 0 1 0 1 0 1 0 1 1 0 0 
0 0 0 0 0 0 1 1 1 1 1 1 0 0 0 
0 0 0 1 0 0 0 0 0 1 1 0 0 0 0 
0 0 0 1 0 1 0 0 0 0 0 0 0 1 1 
0 0 1 1 0 0 0 0 0 0 0 0 0 0 0 
1 0 0 0 0 0 0 0 0 0 0 0 1 0 1 
0 1 1 0 0 0 0 0 1 1 0 1 0 0 0 
1 1 1 0 0 0 0 0 0 0 0 0 0 0 1 
1 1 0 0 0 0 1 1 1 0 0 0 0 0 0 
1 1 1 0 0 0 0 0 0 0 0 0 0 0 0 
0 0 1 1 0 1 0 1 1 1 0 0 0 1 0 
0 0 0 0 0 0 0 0 0 0 1 0 0 0 0 
1 0 0 0 0 0 0 1 0 0 0 0 0 1 0 
0 0 0 0 0 0 0 0 0 0 1 1 0 0 0 
0 0 0 0 1 1 0 0 1 0 0 0 0 0 0 
0 1 0 0 1 0 0 0 0 0 0 1 1 0 0 
