Instancia: GE_L8-6.txt
Número de tarefas: 15
Número de ferramentas: 20
Tamanho da caixa de ferramentas: 12
Matriz de entrada:12
0 0 0 0 0 0 0 0 1 0 0 0 1 0 1 
0 0 0 1 0 0 0 0 0 0 0 0 0 0 1 
1 0 0 0 0 0 1 0 0 0 0 0 0 0 0 
0 1 0 0 0 0 0 1 0 0 1 0 0 0 0 
0 0 0 0 1 0 0 0 0 0 1 0 0 0 0 
1 0 0 0 0 0 0 1 0 0 1 1 0 0 0 
0 0 1 0 0 0 1 0 0 0 0 0 1 0 0 
1 0 0 0 1 0 0 0 1 0 0 0 1 1 1 
0 0 1 0 0 0 0 1 0 0 0 0 0 0 0 
1 0 0 0 0 0 0 0 0 0 0 0 0 1 0 
0 0 0 1 0 1 0 0 0 1 0 0 1 1 0 
0 1 0 1 0 0 0 0 0 0 1 0 0 0 1 
0 1 0 0 0 0 0 0 0 0 0 1 0 1 0 
1 0 0 0 0 0 1 0 1 1 0 0 0 0 0 
0 0 0 1 0 0 1 0 0 0 1 0 0 1 1 
0 1 0 0 0 1 0 0 1 0 0 0 0 0 0 
0 1 0 0 0 0 0 1 1 0 0 1 1 0 1 
1 0 0 1 0 0 0 0 0 0 0 0 0 0 0 
0 0 0 1 0 0 0 0 0 0 1 0 0 0 0 
0 1 0 0 0 0 0 0 0 0 0 0 0 1 0 
Run:2
Tempo decorrido:4.81022
Melhor valor encontrado para as trocas:32
Configuração da ordem das tarefas a serem executadas:
8 4 5 11 15 6 7 9 13 10 1 2 12 14 3 
Configuração da matriz final:
0 0 0 0 1 0 0 1 1 0 0 0 0 0 0 
0 1 0 0 1 0 0 0 0 0 0 0 0 0 0 
0 0 0 0 0 0 1 0 0 0 1 0 0 0 0 
1 0 0 1 0 0 0 0 0 0 0 1 0 0 0 
0 0 1 1 0 0 0 0 0 0 0 0 0 0 0 
1 0 0 1 0 0 0 0 0 0 1 0 1 0 0 
0 0 0 0 0 0 1 0 1 0 0 0 0 0 1 
0 0 1 0 1 0 0 1 1 0 1 0 0 1 0 
1 0 0 0 0 0 0 0 0 0 0 0 0 0 1 
0 0 0 0 0 0 0 0 0 0 1 0 0 1 0 
0 1 0 0 0 1 0 0 1 1 0 0 0 1 0 
0 1 0 1 1 0 0 0 0 0 0 1 0 0 0 
0 0 0 0 0 0 0 0 0 0 0 1 1 1 0 
0 0 0 0 0 0 1 1 0 1 1 0 0 0 0 
0 1 0 1 1 0 1 0 0 0 0 0 0 1 0 
0 0 0 0 0 1 0 1 0 0 0 1 0 0 0 
1 0 0 0 1 0 0 1 1 0 0 1 1 0 0 
0 1 0 0 0 0 0 0 0 0 1 0 0 0 0 
0 1 0 1 0 0 0 0 0 0 0 0 0 0 0 
0 0 0 0 0 0 0 0 0 0 0 1 0 1 0 
