Instancia: GE_L6-1.txt
Número de tarefas: 15
Número de ferramentas: 20
Tamanho da caixa de ferramentas: 8
Matriz de entrada:8
0 0 0 1 1 1 0 0 0 0 1 1 0 0 0 
0 0 0 0 0 0 0 0 0 1 0 0 0 0 0 
0 0 0 0 0 0 0 1 0 0 0 0 0 0 1 
0 1 0 1 0 0 1 0 0 0 0 0 0 0 0 
0 0 1 0 0 0 1 0 0 0 0 1 1 0 0 
0 0 0 0 0 0 0 0 0 1 0 0 0 0 0 
0 0 0 0 0 0 0 0 0 0 0 0 1 0 1 
0 0 0 0 1 0 0 0 0 0 0 0 0 1 0 
1 0 0 0 1 1 0 0 1 0 0 0 0 0 1 
0 0 0 0 1 0 0 0 1 0 0 0 1 0 0 
0 0 0 0 0 0 1 0 1 0 0 0 0 0 1 
0 0 0 0 0 0 0 0 0 1 0 0 0 1 0 
1 0 0 0 0 0 1 0 0 0 0 0 0 1 0 
0 1 1 0 0 0 0 0 0 0 0 0 0 0 0 
0 0 0 0 0 0 0 0 0 0 1 0 0 0 0 
0 0 0 0 0 1 0 0 0 0 0 0 0 0 0 
1 0 0 0 1 1 0 0 0 0 1 0 0 0 0 
0 0 0 0 1 0 0 0 0 1 0 1 0 0 0 
0 0 0 0 0 0 0 0 0 0 0 0 0 1 0 
0 1 0 0 0 0 0 1 0 0 0 0 1 0 0 
Run:2
Tempo decorrido:3.81241
Melhor valor encontrado para as trocas:30
Configuração da ordem das tarefas a serem executadas:
14 2 13 15 8 9 3 10 12 5 6 7 1 4 11 
Configuração da matriz final:
0 0 0 0 0 0 0 0 1 1 1 0 0 1 1 
0 0 0 0 0 0 0 1 0 0 0 0 0 0 0 
0 0 0 1 1 0 0 0 0 0 0 0 0 0 0 
0 1 0 0 0 0 0 0 0 0 0 1 0 1 0 
0 0 1 0 0 0 1 0 1 0 0 1 0 0 0 
0 0 0 0 0 0 0 1 0 0 0 0 0 0 0 
0 0 1 1 0 0 0 0 0 0 0 0 0 0 0 
1 0 0 0 0 0 0 0 0 1 0 0 0 0 0 
0 0 0 1 0 1 0 0 0 1 1 0 1 0 0 
0 0 1 0 0 1 0 0 0 1 0 0 0 0 0 
0 0 0 1 0 1 0 0 0 0 0 1 0 0 0 
1 0 0 0 0 0 0 1 0 0 0 0 0 0 0 
1 0 0 0 0 0 0 0 0 0 0 1 1 0 0 
0 1 0 0 0 0 1 0 0 0 0 0 0 0 0 
0 0 0 0 0 0 0 0 0 0 0 0 0 0 1 
0 0 0 0 0 0 0 0 0 0 1 0 0 0 0 
0 0 0 0 0 0 0 0 0 1 1 0 1 0 1 
0 0 0 0 0 0 0 1 1 1 0 0 0 0 0 
1 0 0 0 0 0 0 0 0 0 0 0 0 0 0 
0 1 1 0 1 0 0 0 0 0 0 0 0 0 0 
