Instancia: GE_L6-3.txt
Número de tarefas: 15
Número de ferramentas: 20
Tamanho da caixa de ferramentas: 8
Matriz de entrada:8
0 0 0 0 0 0 0 0 0 0 0 1 0 0 0 
0 0 0 0 0 0 0 0 0 0 0 1 0 0 0 
0 0 0 1 0 0 0 0 0 0 0 0 0 0 0 
0 0 0 0 1 0 0 1 0 0 0 0 0 0 0 
0 0 1 1 0 0 0 1 1 0 0 0 0 0 0 
0 0 1 0 0 0 0 0 0 0 0 0 0 1 0 
0 0 0 1 0 0 1 0 1 0 0 0 0 1 0 
0 0 1 0 0 1 0 0 1 0 0 0 0 0 0 
0 1 0 1 1 0 0 1 0 1 0 0 1 0 0 
0 1 0 0 1 0 1 0 1 0 0 0 0 1 0 
0 0 0 0 0 0 0 0 0 0 0 1 0 0 0 
0 0 0 0 0 0 0 0 0 0 1 0 0 0 1 
0 0 0 0 0 1 0 0 0 0 0 1 0 0 0 
1 0 0 0 0 0 1 0 0 0 0 0 0 0 0 
1 0 0 0 0 0 0 0 0 0 0 1 0 0 0 
0 0 0 0 0 0 1 0 0 0 0 0 1 0 0 
0 1 0 1 0 0 1 0 0 0 0 0 0 0 0 
0 1 0 0 0 0 0 0 0 1 0 0 0 0 0 
0 0 0 0 0 0 1 0 0 1 1 1 1 0 0 
0 0 0 0 0 0 0 0 0 1 0 0 0 0 1 
Run:1
Tempo decorrido:4.26953
Melhor valor encontrado para as trocas:26
Configuração da ordem das tarefas a serem executadas:
1 11 12 13 2 15 10 7 14 6 8 3 9 5 4 
Configuração da matriz final:
0 0 1 0 0 0 0 0 0 0 0 0 0 0 0 
0 0 1 0 0 0 0 0 0 0 0 0 0 0 0 
0 0 0 0 0 0 0 0 0 0 0 0 0 0 1 
0 0 0 0 0 0 0 0 0 0 1 0 0 1 0 
0 0 0 0 0 0 0 0 0 0 1 1 1 0 1 
0 0 0 0 0 0 0 0 1 0 0 1 0 0 0 
0 0 0 0 0 0 0 1 1 0 0 0 1 0 1 
0 0 0 0 0 0 0 0 0 1 0 1 1 0 0 
0 0 0 1 1 0 1 0 0 0 1 0 0 1 1 
0 0 0 0 1 0 0 1 1 0 0 0 1 1 0 
0 0 1 0 0 0 0 0 0 0 0 0 0 0 0 
0 1 0 0 0 1 0 0 0 0 0 0 0 0 0 
0 0 1 0 0 0 0 0 0 1 0 0 0 0 0 
1 0 0 0 0 0 0 1 0 0 0 0 0 0 0 
1 0 1 0 0 0 0 0 0 0 0 0 0 0 0 
0 0 0 1 0 0 0 1 0 0 0 0 0 0 0 
0 0 0 0 1 0 0 1 0 0 0 0 0 0 1 
0 0 0 0 1 0 1 0 0 0 0 0 0 0 0 
0 1 1 1 0 0 1 1 0 0 0 0 0 0 0 
0 0 0 0 0 1 1 0 0 0 0 0 0 0 0 
