Instancia: GE_L7-4.txt
Número de tarefas: 15
Número de ferramentas: 20
Tamanho da caixa de ferramentas: 10
Matriz de entrada:10
1 0 0 0 0 0 1 0 1 1 0 0 0 1 1 
0 0 1 0 0 0 1 0 0 0 0 0 0 0 0 
0 1 0 0 0 0 0 0 1 0 1 0 0 1 0 
1 0 1 1 0 0 0 0 1 0 0 0 0 0 0 
0 0 0 0 0 0 1 0 0 0 0 0 1 0 0 
0 0 0 0 0 0 0 0 0 1 0 0 0 0 0 
0 1 0 0 0 0 0 1 0 0 0 0 0 0 0 
1 1 0 0 1 0 0 0 0 0 0 0 0 1 0 
0 1 1 0 0 0 1 0 0 0 0 1 0 0 0 
0 0 1 0 0 0 0 1 0 0 0 0 0 0 0 
0 0 0 0 0 0 0 1 0 0 0 1 0 0 0 
1 0 0 0 0 0 0 0 0 0 1 0 0 0 1 
0 0 0 0 0 0 0 1 1 0 0 0 0 1 0 
1 0 0 0 0 0 1 0 0 0 0 0 0 0 0 
0 1 0 0 0 0 0 1 0 0 0 0 0 0 0 
0 0 0 0 0 1 0 0 1 0 0 0 0 1 1 
1 0 0 0 0 0 0 0 1 0 0 0 1 0 1 
0 1 0 0 0 0 0 0 0 0 1 0 0 0 0 
0 0 0 1 1 0 0 0 0 0 0 0 0 0 0 
0 0 0 0 0 1 0 1 0 0 1 0 0 0 0 
Run:2
Tempo decorrido:4.179
Melhor valor encontrado para as trocas:31
Configuração da ordem das tarefas a serem executadas:
3 12 8 11 2 10 14 13 4 9 5 1 6 15 7 
Configuração da matriz final:
0 0 0 0 0 1 1 0 0 1 0 1 0 1 1 
1 0 0 0 0 0 0 0 0 0 0 0 0 0 1 
0 0 0 1 1 0 1 0 0 1 0 0 0 0 0 
1 0 0 0 0 0 0 0 1 1 0 1 0 0 0 
0 0 0 0 0 0 0 1 0 0 0 0 0 0 1 
0 0 0 0 0 1 0 0 0 0 0 0 0 0 0 
0 0 1 0 1 0 0 0 0 0 0 0 0 0 0 
0 0 0 0 1 0 1 0 0 0 1 1 0 0 0 
1 1 0 0 1 0 0 0 0 0 0 0 0 0 1 
1 0 1 0 0 0 0 0 0 0 0 0 0 0 0 
0 1 1 0 0 0 0 0 0 0 0 0 0 0 0 
0 0 0 1 0 0 0 0 0 0 0 1 0 1 0 
0 0 1 0 0 0 1 0 0 1 0 0 0 0 0 
0 0 0 0 0 0 0 0 0 0 0 1 0 0 1 
0 0 1 0 1 0 0 0 0 0 0 0 0 0 0 
0 0 0 0 0 0 1 0 0 1 0 0 1 1 0 
0 0 0 0 0 0 0 1 0 1 0 1 0 1 0 
0 0 0 1 1 0 0 0 0 0 0 0 0 0 0 
0 0 0 0 0 0 0 0 1 0 1 0 0 0 0 
0 0 1 1 0 0 0 0 0 0 0 0 1 0 0 
