Instancia: GE_L6-9.txt
Número de tarefas: 15
Número de ferramentas: 20
Tamanho da caixa de ferramentas: 8
Matriz de entrada:8
0 0 0 0 0 0 0 0 1 0 1 1 0 0 0 
0 0 1 0 0 0 0 0 0 0 0 0 0 0 0 
0 0 0 1 1 0 0 0 0 0 0 0 1 0 0 
0 0 0 0 1 1 0 0 0 0 0 0 0 0 0 
0 0 0 1 0 0 0 0 0 0 0 1 0 0 0 
1 0 0 0 0 0 0 0 0 0 0 0 1 1 0 
0 0 1 1 0 0 0 0 0 0 0 1 0 1 0 
0 0 0 0 1 0 0 0 1 0 0 0 0 0 0 
1 0 0 1 0 0 0 0 0 0 0 1 0 0 0 
0 1 0 0 0 1 0 1 0 0 0 0 0 0 0 
1 0 0 0 0 0 0 0 1 0 0 0 0 0 1 
0 0 0 0 0 0 0 0 0 1 1 1 0 0 0 
0 0 0 0 1 0 0 0 1 0 1 0 0 0 0 
0 0 0 0 0 1 1 0 0 0 0 0 0 0 1 
1 1 0 0 0 0 1 0 0 0 0 0 0 0 0 
0 0 1 0 1 0 0 1 0 1 0 0 0 0 0 
1 0 0 0 0 0 0 0 0 1 0 0 0 0 0 
0 0 0 0 0 0 0 0 0 1 0 0 0 1 1 
0 0 0 1 0 1 1 0 0 0 0 0 0 0 0 
0 0 0 1 0 0 0 0 0 0 0 0 0 0 0 
Run:1
Tempo decorrido:4.07139
Melhor valor encontrado para as trocas:35
Configuração da ordem das tarefas a serem executadas:
13 12 4 7 2 3 8 6 10 15 14 1 11 9 5 
Configuração da matriz final:
0 1 0 0 0 0 0 0 0 0 0 0 1 1 0 
0 0 0 0 0 1 0 0 0 0 0 0 0 0 0 
1 0 1 0 0 0 0 0 0 0 0 0 0 0 1 
0 0 0 0 0 0 0 1 0 0 0 0 0 0 1 
0 1 1 0 0 0 0 0 0 0 0 0 0 0 0 
1 0 0 0 0 0 0 0 0 0 1 1 0 0 0 
0 1 1 0 0 1 0 0 0 0 1 0 0 0 0 
0 0 0 0 0 0 0 0 0 0 0 0 0 1 1 
0 1 1 0 0 0 0 0 0 0 0 1 0 0 0 
0 0 0 0 1 0 1 1 0 0 0 0 0 0 0 
0 0 0 0 0 0 0 0 0 1 0 1 0 1 0 
0 1 0 0 0 0 0 0 1 0 0 0 1 0 0 
0 0 0 0 0 0 0 0 0 0 0 0 1 1 1 
0 0 0 1 0 0 0 1 0 1 0 0 0 0 0 
0 0 0 1 1 0 0 0 0 0 0 1 0 0 0 
0 0 0 0 0 1 1 0 1 0 0 0 0 0 1 
0 0 0 0 0 0 0 0 1 0 0 1 0 0 0 
0 0 0 0 0 0 0 0 1 1 1 0 0 0 0 
0 0 1 1 0 0 0 1 0 0 0 0 0 0 0 
0 0 1 0 0 0 0 0 0 0 0 0 0 0 0 
