Instancia: GE_L7-8.txt
Número de tarefas: 15
Número de ferramentas: 20
Tamanho da caixa de ferramentas: 10
Matriz de entrada:10
0 0 1 1 0 0 0 0 0 0 0 0 0 0 0 
0 0 0 1 0 0 0 0 0 0 0 0 0 1 1 
1 0 0 0 0 0 0 0 0 0 1 0 1 0 0 
0 0 0 1 0 0 0 0 1 1 0 1 0 0 0 
0 0 0 0 0 1 0 1 0 0 0 0 1 0 0 
0 0 0 0 0 0 0 0 1 0 0 0 0 0 0 
0 0 0 0 0 1 1 0 0 0 0 0 0 0 0 
1 0 0 1 0 0 0 0 0 0 0 0 0 0 0 
1 0 0 1 0 0 0 0 0 0 1 0 0 0 0 
0 0 0 0 0 0 0 1 0 0 0 0 0 0 0 
0 0 0 0 0 1 0 0 1 0 0 0 0 0 1 
0 0 0 1 0 0 0 0 0 0 1 1 0 0 0 
0 0 0 0 0 0 0 0 0 0 0 1 1 0 0 
1 1 1 0 0 0 0 0 1 0 0 0 0 0 0 
0 1 1 0 0 0 1 0 0 0 0 0 0 0 1 
0 0 0 0 1 0 1 0 0 1 0 0 0 0 1 
0 0 0 0 0 0 0 1 0 0 0 0 1 1 0 
0 0 0 0 1 0 0 0 0 0 0 0 0 0 0 
0 1 0 0 0 0 0 0 0 0 0 0 0 0 1 
0 0 0 0 0 0 1 0 0 0 1 1 0 0 0 
Run:2
Tempo decorrido:3.77393
Melhor valor encontrado para as trocas:30
Configuração da ordem das tarefas a serem executadas:
6 7 15 9 5 2 10 3 1 12 11 4 13 14 8 
Configuração da matriz final:
0 0 0 0 0 0 0 1 0 0 0 1 0 0 0 
0 0 1 0 0 0 0 0 0 0 0 1 0 1 0 
0 0 0 0 0 0 0 0 1 0 1 0 1 0 0 
0 0 0 1 0 0 1 0 0 1 0 1 0 0 0 
1 0 0 0 0 0 0 0 0 0 0 0 1 0 1 
0 0 0 1 0 0 0 0 0 0 0 0 0 0 0 
1 1 0 0 0 0 0 0 0 0 0 0 0 0 0 
0 0 0 0 0 0 0 0 1 0 0 1 0 0 0 
0 0 0 0 0 0 0 0 1 0 1 1 0 0 0 
0 0 0 0 0 0 0 0 0 0 0 0 0 0 1 
1 0 1 1 0 0 0 0 0 0 0 0 0 0 0 
0 0 0 0 0 0 0 0 0 1 1 1 0 0 0 
0 0 0 0 0 0 0 0 0 1 0 0 1 0 0 
0 0 0 1 0 1 0 1 1 0 0 0 0 0 0 
0 1 1 0 0 1 0 1 0 0 0 0 0 0 0 
0 1 1 0 1 0 1 0 0 0 0 0 0 0 0 
0 0 0 0 0 0 0 0 0 0 0 0 1 1 1 
0 0 0 0 1 0 0 0 0 0 0 0 0 0 0 
0 0 1 0 0 1 0 0 0 0 0 0 0 0 0 
0 1 0 0 0 0 0 0 0 1 1 0 0 0 0 
