Instancia: GE_L5-9.txt
Número de tarefas: 15
Número de ferramentas: 20
Tamanho da caixa de ferramentas: 6
Matriz de entrada:6
0 0 0 1 0 0 0 0 0 0 0 1 0 0 0 
0 0 1 0 0 0 1 0 0 0 0 1 0 1 0 
0 1 1 0 0 0 0 0 0 0 0 0 0 1 0 
0 0 1 1 0 0 0 1 1 0 0 0 0 0 0 
0 0 1 0 0 0 0 0 0 1 1 0 0 1 0 
0 0 0 0 0 0 0 0 0 1 0 0 1 1 0 
0 1 0 0 0 0 0 0 0 0 0 0 0 0 0 
0 0 0 1 0 0 0 0 1 0 1 1 0 0 1 
0 0 0 0 0 0 1 0 0 0 1 0 1 0 0 
0 0 1 0 0 1 0 0 0 0 0 0 0 0 0 
0 0 0 1 1 0 0 0 0 0 1 0 0 0 0 
0 0 0 0 1 0 0 0 0 0 0 0 1 0 0 
1 1 0 0 0 0 1 0 0 1 0 0 0 0 0 
0 0 0 0 1 0 0 1 0 0 0 0 0 0 0 
1 0 1 0 0 0 0 0 1 0 1 0 1 1 0 
0 0 0 0 0 0 0 0 0 0 0 1 0 0 0 
0 1 0 1 0 0 0 0 0 0 0 1 0 1 0 
0 0 0 0 1 0 1 0 0 0 0 0 0 0 0 
0 0 0 0 0 0 1 0 0 0 0 0 0 0 1 
1 0 0 1 0 1 1 0 1 0 0 1 0 0 0 
Run:3
Tempo decorrido:5.12754
Melhor valor encontrado para as trocas:36
Configuração da ordem das tarefas a serem executadas:
15 6 8 9 4 12 7 1 2 10 14 3 11 13 5 
Configuração da matriz final:
0 0 0 0 1 1 0 0 0 0 0 0 0 0 0 
0 0 0 0 0 1 1 0 0 0 1 1 0 0 0 
0 0 0 0 0 0 0 0 1 0 1 1 0 0 0 
0 0 1 1 1 0 0 0 0 0 0 1 0 0 0 
0 0 0 0 0 0 0 0 0 1 1 1 1 0 0 
0 0 0 0 0 0 0 0 0 1 1 0 0 1 0 
0 0 0 0 0 0 0 0 1 0 0 0 0 0 0 
1 0 0 1 1 1 0 0 0 0 0 0 1 0 0 
0 0 0 0 0 0 1 0 0 0 0 0 1 1 0 
0 1 0 0 0 0 0 0 0 0 0 1 0 0 0 
0 0 0 0 1 0 0 0 0 0 0 0 1 0 1 
0 0 0 0 0 0 0 0 0 0 0 0 0 1 1 
0 0 0 0 0 0 1 1 1 1 0 0 0 0 0 
0 0 1 0 0 0 0 0 0 0 0 0 0 0 1 
0 0 0 1 0 0 0 1 0 0 1 1 1 1 0 
0 0 0 0 0 1 0 0 0 0 0 0 0 0 0 
0 0 0 0 1 1 0 0 1 0 1 0 0 0 0 
0 0 0 0 0 0 1 0 0 0 0 0 0 0 1 
1 0 0 0 0 0 1 0 0 0 0 0 0 0 0 
0 1 0 1 1 1 1 1 0 0 0 0 0 0 0 
