Instancia: GE_L8-1.txt
Número de tarefas: 15
Número de ferramentas: 20
Tamanho da caixa de ferramentas: 12
Matriz de entrada:12
1 0 0 0 0 0 0 0 1 0 1 0 0 1 1 
0 0 0 0 0 0 0 0 0 0 0 0 0 1 0 
0 0 0 0 0 1 0 1 1 1 0 0 0 0 1 
0 1 0 0 0 0 0 1 0 0 0 1 1 0 0 
0 0 0 1 0 0 0 0 1 0 0 1 0 0 0 
0 0 0 0 0 0 1 0 0 1 1 1 0 0 0 
1 0 0 0 1 0 0 1 0 1 0 0 0 0 1 
0 0 0 1 0 0 0 0 1 1 0 0 0 0 0 
0 0 0 0 0 0 1 1 0 0 0 0 0 0 0 
0 0 0 0 1 1 0 0 0 0 0 1 0 0 0 
0 1 0 0 0 0 0 0 0 0 0 0 0 0 0 
0 1 1 0 1 0 0 0 0 0 0 0 1 0 1 
0 0 0 0 1 0 0 0 0 0 0 0 0 0 0 
1 0 1 0 0 0 0 1 0 1 0 1 0 0 1 
1 0 1 1 0 0 0 1 0 0 0 0 1 0 0 
0 1 0 0 1 0 0 0 0 0 0 0 0 0 1 
0 0 0 0 1 1 0 0 0 0 1 0 0 0 0 
0 1 0 0 0 1 0 0 0 1 0 0 0 0 0 
0 0 0 0 0 1 0 0 0 0 0 0 0 0 0 
0 0 0 0 0 1 0 0 0 0 1 0 0 0 0 
Run:1
Tempo decorrido:4.44346
Melhor valor encontrado para as trocas:32
Configuração da ordem das tarefas a serem executadas:
11 12 6 2 5 14 15 4 1 13 9 7 3 8 10 
Configuração da matriz final:
1 0 0 0 0 1 1 0 1 0 1 0 0 0 0 
0 0 0 0 0 1 0 0 0 0 0 0 0 0 0 
0 0 1 0 0 0 1 0 0 0 1 0 0 1 1 
0 1 0 1 0 0 0 0 0 1 0 0 0 1 0 
0 1 0 0 0 0 0 1 0 0 1 0 0 0 0 
1 1 0 0 0 0 0 0 0 0 0 1 0 0 1 
0 0 0 0 1 0 1 0 1 0 0 0 0 1 1 
0 0 0 0 0 0 0 1 0 0 1 0 0 0 1 
0 0 0 0 0 0 0 0 0 0 0 1 0 1 0 
0 1 1 0 1 0 0 0 0 0 0 0 0 0 0 
0 0 0 1 0 0 0 0 0 0 0 0 0 0 0 
0 0 0 1 1 0 1 0 0 1 0 0 1 0 0 
0 0 0 0 1 0 0 0 0 0 0 0 0 0 0 
0 1 0 0 0 0 1 0 1 0 0 0 1 1 1 
0 0 0 0 0 0 0 1 1 1 0 0 1 1 0 
0 0 0 1 1 0 1 0 0 0 0 0 0 0 0 
1 0 1 0 1 0 0 0 0 0 0 0 0 0 0 
0 0 1 1 0 0 0 0 0 0 0 0 0 0 1 
0 0 1 0 0 0 0 0 0 0 0 0 0 0 0 
1 0 1 0 0 0 0 0 0 0 0 0 0 0 0 
