Instancia: GE_L5-4.txt
Número de tarefas: 15
Número de ferramentas: 20
Tamanho da caixa de ferramentas: 6
Matriz de entrada:6
1 1 0 0 0 0 0 0 1 0 0 0 0 0 1 
0 1 0 0 0 0 0 0 0 0 0 0 0 0 0 
0 0 0 0 0 1 1 0 0 0 0 0 0 0 1 
0 0 1 0 0 0 1 0 0 0 0 0 0 0 0 
0 0 0 0 0 0 0 0 0 0 1 0 0 0 0 
0 0 0 0 0 0 0 1 0 0 1 0 0 0 0 
0 0 0 0 0 0 0 1 0 1 0 1 0 0 0 
1 0 1 0 0 0 1 0 0 0 0 0 0 0 0 
0 0 0 0 0 0 0 0 0 0 0 1 0 1 0 
1 0 0 0 1 1 0 0 0 0 0 0 1 0 0 
1 0 1 0 0 1 0 0 0 0 1 0 1 1 0 
0 0 0 0 0 1 0 0 0 0 1 0 0 0 0 
0 1 0 1 1 0 0 0 0 1 0 0 0 0 0 
1 1 0 1 0 0 0 0 0 0 1 0 0 0 0 
0 1 0 0 0 0 1 1 0 0 0 0 0 0 0 
1 0 0 0 0 0 1 0 0 0 0 0 0 1 1 
0 1 0 0 1 0 0 0 0 0 0 1 1 0 0 
0 0 0 1 0 0 0 0 0 0 0 0 0 0 0 
0 0 0 0 0 0 0 0 0 0 0 1 0 0 0 
0 0 0 0 0 1 0 0 1 0 1 0 0 0 0 
Run:2
Tempo decorrido:4.59321
Melhor valor encontrado para as trocas:33
Configuração da ordem das tarefas a serem executadas:
9 14 1 3 7 15 13 6 11 4 2 5 8 10 12 
Configuração da matriz final:
1 0 1 0 0 1 0 0 0 0 1 0 0 0 0 
0 0 0 0 0 0 0 0 0 0 1 0 0 0 0 
0 0 0 0 1 1 0 1 0 0 0 0 0 0 0 
0 0 0 1 1 0 0 0 0 0 0 0 0 0 0 
0 0 0 0 0 0 0 0 1 0 0 0 0 0 0 
0 0 0 0 0 0 0 0 1 0 0 0 1 0 0 
0 0 0 0 0 0 0 0 0 0 0 0 1 1 1 
0 0 1 1 1 0 0 0 0 0 0 0 0 0 0 
0 1 0 0 0 0 0 0 0 0 0 0 0 0 1 
0 0 1 0 0 0 1 1 0 0 0 1 0 0 0 
0 1 1 1 0 0 1 1 1 0 0 0 0 0 0 
0 0 0 0 0 0 0 1 1 0 0 0 0 0 0 
0 0 0 0 0 0 0 0 0 1 1 1 0 1 0 
0 0 1 0 0 0 0 0 1 1 1 0 0 0 0 
0 0 0 0 1 0 0 0 0 0 1 0 1 0 0 
0 1 1 0 1 1 0 0 0 0 0 0 0 0 0 
0 0 0 0 0 0 1 0 0 0 1 1 0 0 1 
0 0 0 0 0 0 0 0 0 1 0 0 0 0 0 
0 0 0 0 0 0 0 0 0 0 0 0 0 0 1 
1 0 0 0 0 0 0 1 1 0 0 0 0 0 0 
