Instancia: GE_L8-10.txt
Número de tarefas: 15
Número de ferramentas: 20
Tamanho da caixa de ferramentas: 12
Matriz de entrada:12
0 0 1 0 0 0 0 0 1 1 0 0 0 1 0 
0 0 0 1 0 0 0 0 0 0 0 0 0 0 1 
1 0 0 0 1 0 0 0 0 0 1 1 0 0 0 
1 0 0 0 0 0 1 0 0 0 1 0 0 1 0 
0 0 0 0 0 0 1 0 0 0 0 0 0 0 1 
1 0 1 0 0 0 0 0 0 0 1 0 1 0 0 
0 0 0 0 0 0 0 1 0 0 1 0 0 0 1 
0 0 0 0 0 0 0 0 0 1 1 0 0 0 0 
0 0 0 0 0 0 0 0 1 0 0 0 0 0 0 
0 0 0 0 0 0 0 0 0 0 0 1 0 0 0 
0 1 0 0 1 0 0 1 0 0 0 0 0 0 0 
0 1 0 0 0 1 1 0 0 0 0 0 0 0 1 
1 0 0 0 1 0 0 0 0 0 0 0 0 0 0 
0 0 0 0 1 0 0 1 0 1 0 1 0 0 0 
0 0 0 0 1 0 0 0 1 0 0 0 0 0 1 
0 0 0 0 0 1 0 0 0 1 0 0 0 0 0 
0 0 0 0 0 0 0 1 0 0 0 0 0 0 0 
1 0 1 0 0 0 0 0 1 0 0 0 1 0 1 
0 0 0 1 0 0 0 1 1 0 0 1 0 0 0 
0 1 0 0 0 0 0 0 1 0 0 0 1 0 0 
Run:3
Tempo decorrido:4.30171
Melhor valor encontrado para as trocas:33
Configuração da ordem das tarefas a serem executadas:
6 5 14 13 3 2 1 9 7 15 10 4 8 11 12 
Configuração da matriz final:
0 0 1 0 1 0 0 1 0 0 1 0 0 0 0 
0 0 0 0 0 0 0 0 0 1 0 1 0 0 0 
0 1 0 0 0 0 1 0 0 0 0 0 0 1 1 
0 0 1 0 0 0 1 0 1 0 0 0 0 1 0 
0 0 0 0 0 0 0 0 1 1 0 0 0 0 0 
0 0 0 1 1 0 1 0 0 0 0 0 0 1 0 
0 0 0 0 0 0 0 0 0 1 0 0 1 1 0 
0 0 0 0 0 0 0 0 0 0 1 0 0 1 0 
0 0 0 0 0 0 0 1 0 0 0 0 0 0 0 
0 0 0 0 0 0 0 0 0 0 0 0 0 0 1 
0 1 0 0 0 1 0 0 0 0 0 0 1 0 0 
1 0 0 0 0 1 0 0 1 1 0 0 0 0 0 
0 1 0 0 0 0 1 0 0 0 0 0 0 0 0 
0 1 0 0 0 0 0 0 0 0 1 0 1 0 1 
0 1 0 0 0 0 0 1 0 1 0 0 0 0 0 
1 0 0 0 0 0 0 0 0 0 1 0 0 0 0 
0 0 0 0 0 0 0 0 0 0 0 0 1 0 0 
0 0 0 1 1 0 1 1 0 1 0 0 0 0 0 
0 0 0 0 0 0 0 1 0 0 0 1 1 0 1 
0 0 0 1 0 1 0 1 0 0 0 0 0 0 0 
