Instancia: GE_L8-3.txt
Número de tarefas: 15
Número de ferramentas: 20
Tamanho da caixa de ferramentas: 12
Matriz de entrada:12
1 0 1 0 0 0 0 0 1 0 0 0 0 0 0 
0 0 0 0 0 1 0 1 0 0 0 1 0 0 0 
0 1 0 0 0 0 1 1 0 0 0 0 0 0 1 
0 0 0 1 1 0 0 0 0 0 0 0 1 0 0 
0 1 0 0 0 1 0 0 0 0 0 1 0 0 0 
1 1 0 0 0 0 1 1 1 1 0 0 0 0 0 
0 0 0 0 0 0 0 0 0 1 0 0 0 1 1 
0 0 1 0 1 0 0 0 0 0 0 0 0 1 0 
0 0 0 1 0 0 0 1 0 0 0 1 0 1 0 
0 0 0 0 0 1 0 0 0 0 1 0 0 0 0 
0 1 0 0 0 0 0 0 0 1 1 0 0 0 0 
1 1 0 1 0 0 0 0 0 0 0 0 0 0 0 
0 0 0 0 1 0 0 0 0 0 0 0 1 0 0 
1 0 0 1 0 0 1 0 1 0 0 0 0 0 1 
0 0 1 0 0 0 0 1 1 1 0 1 1 0 0 
0 0 0 0 0 0 0 0 1 0 0 0 0 0 0 
0 0 0 0 1 0 0 0 0 0 0 0 0 1 0 
0 1 1 1 0 0 0 1 0 0 0 0 0 0 1 
0 0 1 0 1 0 0 0 1 0 0 1 0 0 0 
1 0 0 0 0 0 0 0 0 0 0 0 0 0 0 
Run:1
Tempo decorrido:4.71511
Melhor valor encontrado para as trocas:36
Configuração da ordem das tarefas a serem executadas:
9 5 13 1 14 4 10 7 15 2 12 11 8 6 3 
Configuração da matriz final:
1 0 0 1 0 0 0 0 0 0 0 0 0 0 1 
0 0 0 0 0 0 0 0 0 0 1 0 1 1 0 
0 0 0 0 0 0 0 1 1 1 0 0 1 0 0 
0 1 1 0 0 1 0 0 0 0 0 0 0 0 0 
0 0 0 0 0 0 0 0 0 1 1 0 0 1 0 
1 0 0 1 0 0 1 1 0 1 0 0 1 0 0 
0 0 0 0 1 0 1 0 1 0 0 0 0 0 0 
0 1 0 0 1 0 0 0 0 0 0 0 0 0 1 
0 0 0 0 1 1 0 0 0 0 1 0 1 0 0 
0 0 0 0 0 0 0 0 0 0 0 1 0 1 0 
0 0 0 0 0 0 1 0 0 1 0 1 0 0 0 
0 0 0 1 0 1 0 0 0 1 0 0 0 0 0 
0 1 1 0 0 0 0 0 0 0 0 0 0 0 0 
1 0 0 1 0 1 0 1 1 0 0 0 0 0 0 
1 0 1 0 0 0 1 0 0 0 1 0 1 0 1 
1 0 0 0 0 0 0 0 0 0 0 0 0 0 0 
0 1 0 0 1 0 0 0 0 0 0 0 0 0 0 
0 0 0 0 0 1 0 0 1 1 0 0 1 0 1 
1 1 0 0 0 0 0 0 0 0 1 0 0 0 1 
0 0 0 1 0 0 0 0 0 0 0 0 0 0 0 
