Instancia: GE_L7-5.txt
Número de tarefas: 15
Número de ferramentas: 20
Tamanho da caixa de ferramentas: 10
Matriz de entrada:10
0 0 0 0 0 0 0 0 0 0 0 0 0 1 0 
0 1 0 0 0 0 0 0 0 0 0 0 0 0 0 
0 0 1 0 0 0 0 0 0 1 0 0 0 0 0 
0 0 0 0 0 0 0 0 0 0 0 0 0 1 0 
0 0 1 0 0 0 0 0 0 0 1 1 0 0 0 
0 0 1 0 0 0 0 0 1 1 0 1 1 0 0 
0 0 0 0 0 0 0 0 0 1 0 1 0 0 0 
0 1 0 1 0 0 1 0 0 1 0 0 1 1 0 
1 0 0 0 0 0 0 1 1 0 0 1 0 0 0 
0 0 1 0 1 0 0 1 0 0 1 0 1 0 0 
0 0 0 1 0 0 0 0 0 0 1 0 1 1 0 
0 0 0 0 0 0 1 0 0 0 0 0 0 0 1 
1 1 1 0 1 0 0 0 0 0 0 1 0 0 0 
0 0 0 0 1 0 0 0 0 0 0 1 0 0 0 
1 0 1 0 1 0 0 0 1 0 0 0 0 0 0 
0 0 0 1 0 1 0 0 1 0 1 0 1 1 0 
0 0 0 1 0 0 0 0 0 0 0 0 0 0 0 
0 0 0 0 1 0 0 0 0 0 0 0 0 0 1 
0 0 0 0 0 0 0 0 1 0 1 0 0 1 0 
0 0 0 0 0 1 0 0 0 0 0 0 0 0 0 
Run:3
Tempo decorrido:4.37048
Melhor valor encontrado para as trocas:33
Configuração da ordem das tarefas a serem executadas:
6 15 2 8 7 5 12 3 4 11 10 13 14 1 9 
Configuração da matriz final:
0 0 0 0 0 0 0 0 0 0 0 0 1 0 0 
0 0 1 0 0 0 0 0 0 0 0 0 0 0 0 
0 0 0 0 0 0 0 1 0 0 1 0 0 0 0 
0 0 0 0 0 0 0 0 0 0 0 0 1 0 0 
0 0 0 0 0 0 1 1 0 1 0 0 0 0 0 
0 0 0 0 0 0 1 1 0 0 1 1 0 0 1 
0 0 0 0 0 0 1 0 0 0 1 0 0 0 0 
0 0 1 0 1 0 0 0 1 0 1 1 1 0 0 
0 0 0 1 0 0 1 0 0 0 0 0 0 1 1 
0 0 0 1 0 1 0 1 0 1 0 1 0 0 0 
0 0 0 0 0 0 0 0 1 1 0 1 1 0 0 
0 1 0 0 1 0 0 0 0 0 0 0 0 0 0 
0 0 1 0 0 1 1 1 0 0 0 0 0 1 0 
0 0 0 0 0 1 1 0 0 0 0 0 0 0 0 
0 0 0 0 0 1 0 1 0 0 0 0 0 1 1 
1 0 0 0 0 0 0 0 1 1 0 1 1 0 1 
0 0 0 0 0 0 0 0 1 0 0 0 0 0 0 
0 1 0 0 0 1 0 0 0 0 0 0 0 0 0 
0 0 0 0 0 0 0 0 0 1 0 0 1 0 1 
1 0 0 0 0 0 0 0 0 0 0 0 0 0 0 
