Instancia: GE_L6-5.txt
Número de tarefas: 15
Número de ferramentas: 20
Tamanho da caixa de ferramentas: 8
Matriz de entrada:8
0 0 0 0 0 0 0 0 0 1 0 1 0 1 0 
0 0 0 0 0 0 1 1 1 0 1 0 0 0 0 
0 0 0 0 1 0 0 0 0 0 0 0 1 0 1 
0 0 1 0 0 0 1 1 1 0 1 0 0 1 0 
0 1 1 0 0 0 0 0 0 0 0 0 1 0 1 
0 0 1 1 0 0 0 0 0 0 0 1 1 0 0 
0 1 0 1 1 1 0 0 0 0 1 0 0 1 0 
0 0 0 0 0 0 0 0 0 1 0 1 0 1 0 
0 0 0 0 0 0 0 0 1 0 0 0 0 0 1 
1 1 1 0 0 0 0 0 0 0 0 0 0 0 0 
0 0 0 0 0 1 0 0 0 0 0 0 1 0 0 
1 0 0 0 0 0 0 0 1 1 0 0 0 0 1 
0 0 0 1 1 1 0 1 0 0 0 0 0 0 0 
0 0 0 0 0 0 1 0 0 1 0 1 0 0 0 
0 0 0 1 0 0 0 1 0 0 0 1 0 0 0 
0 1 0 0 0 0 1 0 1 0 0 0 0 0 0 
0 0 0 1 0 1 1 1 0 0 0 0 0 0 0 
0 0 1 1 0 0 0 1 0 0 0 0 0 0 0 
0 1 0 0 0 1 0 0 0 0 0 0 0 0 1 
0 0 0 0 1 0 0 0 1 0 0 0 1 0 0 
Run:2
Tempo decorrido:5.32781
Melhor valor encontrado para as trocas:37
Configuração da ordem das tarefas a serem executadas:
10 12 11 14 3 2 6 4 8 7 1 9 15 13 5 
Configuração da matriz final:
1 1 0 1 0 0 0 0 0 0 0 0 0 0 0 
0 0 1 0 0 0 0 0 1 1 0 1 0 0 0 
0 0 0 0 0 0 0 0 0 0 0 0 1 1 1 
0 0 1 1 1 0 0 0 1 1 0 1 0 0 0 
0 0 0 0 1 1 0 0 0 0 0 0 1 1 0 
0 1 0 0 1 0 0 1 0 0 0 0 0 1 0 
0 0 1 1 0 1 1 1 0 0 0 0 0 0 1 
1 1 0 1 0 0 0 0 0 0 0 0 0 0 0 
0 0 0 0 0 0 0 0 0 0 0 1 1 0 0 
0 0 0 0 1 1 0 0 0 0 1 0 0 0 0 
0 0 0 0 0 0 1 0 0 0 0 0 0 1 0 
1 0 0 0 0 0 0 0 0 0 1 1 1 0 0 
0 0 0 0 0 0 1 1 1 0 0 0 0 0 1 
1 1 0 0 0 0 0 0 0 1 0 0 0 0 0 
0 1 0 0 0 0 0 1 1 0 0 0 0 0 0 
0 0 0 0 0 1 0 0 0 1 0 1 0 0 0 
0 0 0 0 0 0 1 1 1 1 0 0 0 0 0 
0 0 0 0 1 0 0 1 1 0 0 0 0 0 0 
0 0 0 0 0 1 1 0 0 0 0 0 1 0 0 
0 0 0 0 0 0 0 0 0 0 0 1 0 1 1 
