Instancia: GE_L7-10.txt
Número de tarefas: 15
Número de ferramentas: 20
Tamanho da caixa de ferramentas: 10
Matriz de entrada:10
1 0 0 0 1 0 0 0 0 0 0 0 0 0 1 
0 0 0 0 0 0 0 0 0 0 1 0 0 0 0 
0 0 0 0 0 0 0 0 1 0 0 0 0 0 0 
0 1 0 0 0 0 0 0 0 0 0 0 0 1 0 
0 0 0 0 0 0 0 0 0 0 0 0 0 1 0 
0 0 1 0 0 1 1 0 1 0 1 1 0 0 0 
0 0 0 0 0 0 1 0 0 0 1 0 0 0 0 
0 0 0 1 1 0 0 1 1 0 0 1 0 0 0 
0 0 0 0 0 0 1 0 0 0 0 0 0 0 0 
1 0 1 0 0 0 0 1 1 0 0 0 1 0 0 
0 0 1 1 1 0 0 0 1 0 0 0 0 0 0 
0 0 1 1 0 1 0 0 0 1 0 0 0 0 1 
0 0 0 1 0 0 0 1 0 0 0 0 0 0 1 
0 0 0 0 0 0 0 0 0 0 0 0 1 0 0 
0 0 0 0 0 0 0 0 0 0 0 0 0 1 0 
0 0 0 0 0 1 0 1 0 1 0 0 0 0 0 
0 1 1 1 0 0 0 0 0 0 0 1 0 0 0 
0 0 0 0 0 0 1 0 0 0 1 1 0 0 0 
0 0 0 0 0 0 0 0 0 1 0 0 0 0 1 
0 1 1 0 0 0 0 0 0 0 0 0 0 1 0 
Run:3
Tempo decorrido:3.92147
Melhor valor encontrado para as trocas:28
Configuração da ordem das tarefas a serem executadas:
12 14 13 2 3 4 6 10 1 5 8 15 9 7 11 
Configuração da matriz final:
0 0 0 0 0 0 0 0 1 1 0 1 0 0 0 
0 0 0 0 0 0 0 0 0 0 0 0 0 0 1 
0 0 0 0 0 0 0 0 0 0 0 0 1 0 0 
0 1 0 1 0 0 0 0 0 0 0 0 0 0 0 
0 1 0 0 0 0 0 0 0 0 0 0 0 0 0 
1 0 0 0 1 0 1 0 0 0 0 0 1 1 1 
0 0 0 0 0 0 0 0 0 0 0 0 0 1 1 
1 0 0 0 0 1 0 0 0 1 1 0 1 0 0 
0 0 0 0 0 0 0 0 0 0 0 0 0 1 0 
0 0 1 0 1 0 0 0 1 0 1 0 1 0 0 
0 0 0 0 1 1 0 0 0 1 0 0 1 0 0 
0 0 0 0 1 1 1 1 0 0 0 1 0 0 0 
0 0 0 0 0 1 0 0 0 0 1 1 0 0 0 
0 0 1 0 0 0 0 0 0 0 0 0 0 0 0 
0 1 0 0 0 0 0 0 0 0 0 0 0 0 0 
0 0 0 0 0 0 1 1 0 0 1 0 0 0 0 
1 0 0 1 1 1 0 0 0 0 0 0 0 0 0 
1 0 0 0 0 0 0 0 0 0 0 0 0 1 1 
0 0 0 0 0 0 0 1 0 0 0 1 0 0 0 
0 1 0 1 1 0 0 0 0 0 0 0 0 0 0 
