Instancia: GE_L7-9.txt
Número de tarefas: 15
Número de ferramentas: 20
Tamanho da caixa de ferramentas: 10
Matriz de entrada:10
0 0 0 0 1 1 0 0 0 0 0 0 0 0 0 
0 1 0 0 1 0 0 0 0 0 0 0 1 0 0 
1 1 0 0 0 0 1 0 0 1 0 0 0 0 0 
0 0 0 0 0 0 1 1 0 0 0 1 0 1 0 
0 0 0 1 0 0 0 1 0 0 1 0 0 0 0 
0 1 0 0 0 0 0 0 0 0 1 0 1 1 0 
1 0 0 0 1 0 1 0 1 1 0 0 0 0 0 
0 0 0 0 0 0 1 0 1 0 0 0 0 0 0 
0 1 0 0 1 1 0 0 0 0 0 1 0 0 1 
1 0 1 0 0 0 0 1 0 0 0 1 1 1 0 
0 0 1 1 0 1 0 0 0 0 0 0 0 0 0 
1 0 0 0 0 0 1 1 0 0 0 0 0 0 1 
0 0 0 1 0 0 0 0 0 1 0 0 0 0 0 
0 0 0 0 0 0 0 1 0 0 0 1 0 0 0 
0 1 0 0 0 1 0 1 0 0 0 0 0 1 0 
0 0 0 1 0 0 0 0 0 0 0 0 0 1 0 
0 1 0 1 0 0 0 0 1 0 0 0 0 0 0 
1 0 0 0 0 1 0 0 0 1 1 0 1 0 0 
1 0 0 1 0 0 0 0 1 1 0 0 0 0 1 
0 0 0 0 1 0 0 0 0 0 0 1 0 0 0 
Run:3
Tempo decorrido:5.11859
Melhor valor encontrado para as trocas:39
Configuração da ordem das tarefas a serem executadas:
5 3 11 13 6 2 14 8 12 9 7 15 1 10 4 
Configuração da matriz final:
1 0 0 0 1 0 0 0 0 0 0 0 0 0 0 
1 0 0 1 0 1 0 0 0 0 0 0 0 0 0 
0 0 0 0 0 1 0 0 0 0 1 0 1 1 0 
0 0 0 0 0 0 1 1 1 0 1 0 0 0 0 
0 0 1 0 0 0 0 1 0 0 0 0 0 0 1 
0 0 1 1 0 1 1 0 0 0 0 0 0 0 0 
1 0 0 0 0 0 0 0 0 1 1 0 1 1 0 
0 0 0 0 0 0 0 0 0 1 1 0 0 0 0 
1 0 0 0 1 1 0 0 1 0 0 1 0 0 0 
0 1 0 1 0 0 1 1 1 0 0 0 1 0 0 
0 1 0 0 1 0 0 0 0 0 0 0 0 0 1 
0 0 0 0 0 0 0 1 0 0 1 1 1 0 0 
0 0 0 0 0 0 0 0 0 0 0 0 0 1 1 
0 0 0 0 0 0 0 1 1 0 0 0 0 0 0 
0 0 0 0 1 1 1 1 0 0 0 0 0 0 0 
0 0 0 0 0 0 1 0 0 0 0 0 0 0 1 
0 0 0 0 0 1 0 0 0 1 0 0 0 0 1 
0 0 1 1 1 0 0 0 0 0 0 0 1 1 0 
0 0 0 0 0 0 0 0 0 1 0 1 1 1 1 
1 0 0 0 0 0 0 0 1 0 0 0 0 0 0 
