Instancia: GE_L7-6.txt
Número de tarefas: 15
Número de ferramentas: 20
Tamanho da caixa de ferramentas: 10
Matriz de entrada:10
0 0 1 0 0 0 1 0 0 0 1 0 0 0 0 
0 0 0 0 0 0 0 0 0 0 0 0 0 1 0 
0 0 0 0 0 0 0 0 0 0 0 0 0 1 0 
0 0 0 0 0 0 0 0 0 0 0 0 0 0 1 
1 1 0 0 0 0 0 1 0 1 0 0 0 0 0 
0 0 0 0 0 0 1 0 0 0 0 0 0 0 0 
0 1 0 1 0 1 1 0 0 1 0 0 0 0 0 
0 0 1 0 1 0 0 0 0 0 0 0 0 0 0 
1 1 0 0 0 0 0 0 1 0 0 0 0 0 0 
1 0 0 0 0 0 0 0 0 0 1 0 0 0 0 
1 0 0 0 0 0 0 0 0 0 0 1 0 0 0 
0 0 0 1 1 1 1 0 0 0 1 0 0 0 1 
0 0 0 1 0 0 0 0 1 0 0 0 0 0 1 
0 0 0 1 0 0 0 0 0 0 0 1 1 0 0 
1 0 0 0 0 1 0 1 0 0 1 0 0 1 0 
0 0 0 0 0 0 1 0 0 1 0 1 0 0 0 
0 0 0 0 0 1 0 1 0 0 0 1 0 1 0 
1 0 0 0 0 0 0 1 0 0 0 1 1 1 0 
0 1 0 0 1 1 0 0 0 0 0 0 0 1 0 
0 0 0 0 1 0 0 0 0 1 0 0 1 0 1 
Run:2
Tempo decorrido:4.44133
Melhor valor encontrado para as trocas:34
Configuração da ordem das tarefas a serem executadas:
2 15 3 5 9 4 14 6 8 11 1 12 10 13 7 
Configuração da matriz final:
0 0 1 0 0 0 0 0 0 1 0 0 0 0 1 
0 0 0 0 0 0 1 0 0 0 0 0 0 0 0 
0 0 0 0 0 0 1 0 0 0 0 0 0 0 0 
0 1 0 0 0 0 0 0 0 0 0 0 0 0 0 
1 0 0 0 0 0 0 0 1 0 1 0 1 0 0 
0 0 0 0 0 0 0 0 0 0 0 0 0 0 1 
1 0 0 0 0 1 0 1 0 0 0 0 1 0 1 
0 0 1 1 0 0 0 0 0 0 0 0 0 0 0 
1 0 0 0 1 0 0 0 0 0 1 0 0 0 0 
0 0 0 0 0 0 0 0 0 1 1 0 0 0 0 
0 0 0 0 0 0 0 0 0 0 1 1 0 0 0 
0 1 0 1 0 1 0 1 0 1 0 0 0 0 1 
0 1 0 0 1 1 0 0 0 0 0 0 0 0 0 
0 0 0 0 0 1 0 0 0 0 0 1 0 1 0 
0 0 0 0 0 0 1 1 1 1 1 0 0 0 0 
0 0 0 0 0 0 0 0 0 0 0 1 1 0 1 
0 0 0 0 0 0 1 1 1 0 0 1 0 0 0 
0 0 0 0 0 0 1 0 1 0 1 1 0 1 0 
1 0 0 1 0 0 1 1 0 0 0 0 0 0 0 
0 1 0 1 0 0 0 0 0 0 0 0 1 1 0 
