Instancia: GE_L5-5.txt
Número de tarefas: 15
Número de ferramentas: 20
Tamanho da caixa de ferramentas: 6
Matriz de entrada:6
0 0 0 0 1 0 0 0 0 0 0 1 0 0 0 
0 0 0 1 0 0 0 1 0 0 0 0 0 1 0 
0 1 0 0 0 0 0 0 0 0 0 0 0 0 0 
0 0 0 0 0 0 1 0 1 0 0 0 0 0 1 
0 0 1 1 0 0 0 0 0 0 0 1 0 1 0 
1 0 1 1 0 0 0 0 0 1 0 1 0 0 0 
1 0 1 0 0 1 0 0 0 1 0 0 0 0 0 
0 0 0 0 0 0 0 0 1 0 1 0 1 0 0 
0 0 0 0 0 0 0 0 0 0 0 1 0 0 0 
1 0 0 0 0 0 1 0 1 0 0 0 0 0 0 
0 0 0 0 1 0 1 0 0 0 1 0 0 0 0 
0 0 0 0 1 1 0 1 1 1 0 0 0 0 0 
0 0 0 0 0 1 0 0 0 0 0 0 0 1 0 
1 0 0 1 1 0 0 1 0 0 0 0 0 0 1 
0 0 0 0 0 0 0 0 0 1 0 0 0 0 1 
0 0 1 0 0 0 0 0 0 1 0 0 0 0 0 
0 1 0 1 0 1 0 0 0 0 0 0 0 0 0 
0 0 0 0 0 0 0 1 0 0 0 0 1 0 0 
0 0 0 0 1 0 1 0 0 0 0 0 0 0 0 
1 0 0 0 0 0 0 0 0 0 0 0 1 0 0 
Run:1
Tempo decorrido:4.85164
Melhor valor encontrado para as trocas:34
Configuração da ordem das tarefas a serem executadas:
13 1 10 3 12 4 14 2 6 11 9 7 5 8 15 
Configuração da matriz final:
0 0 0 0 1 0 0 0 0 0 0 0 1 0 0 
0 0 0 0 0 1 1 0 0 0 0 0 0 1 0 
0 0 0 0 0 0 0 1 0 0 0 0 0 0 0 
0 0 0 0 0 0 0 0 0 0 1 1 0 0 1 
0 0 0 1 1 1 1 0 0 0 0 0 0 0 0 
0 1 1 1 1 1 0 0 0 0 0 0 0 0 0 
0 1 1 1 0 0 0 0 1 0 0 0 0 0 0 
1 0 0 0 0 0 0 0 0 1 1 0 0 0 0 
0 0 0 0 1 0 0 0 0 0 0 0 0 0 0 
0 1 0 0 0 0 0 0 0 0 1 1 0 0 0 
0 0 0 0 0 0 0 0 0 1 0 1 1 0 0 
0 0 1 0 0 0 0 0 1 0 1 0 1 1 0 
0 0 0 0 0 0 1 0 1 0 0 0 0 0 0 
0 1 0 0 0 1 0 0 0 0 0 0 1 1 1 
0 0 1 0 0 0 0 0 0 0 0 0 0 0 1 
0 0 1 1 0 0 0 0 0 0 0 0 0 0 0 
0 0 0 0 0 1 0 1 1 0 0 0 0 0 0 
1 0 0 0 0 0 0 0 0 0 0 0 0 1 0 
0 0 0 0 0 0 0 0 0 0 0 1 1 0 0 
1 1 0 0 0 0 0 0 0 0 0 0 0 0 0 
