Instancia: GE_L5-10.txt
Número de tarefas: 15
Número de ferramentas: 20
Tamanho da caixa de ferramentas: 6
Matriz de entrada:6
0 0 0 0 0 0 0 0 0 0 0 0 1 0 1 
0 1 1 0 1 0 1 0 0 0 0 0 0 1 0 
0 0 0 0 0 0 0 0 0 1 0 0 0 1 0 
0 0 0 0 0 0 0 0 1 0 0 0 0 1 0 
0 0 0 1 0 1 1 0 0 0 0 1 1 0 0 
0 0 1 0 1 0 0 0 0 1 1 0 1 0 0 
0 1 0 0 0 0 0 0 0 0 0 0 0 0 0 
0 0 0 0 0 0 0 0 0 0 0 0 0 0 1 
1 0 0 0 0 0 1 0 0 0 0 1 0 1 0 
0 0 1 0 0 1 0 1 0 0 0 0 0 0 1 
1 0 1 1 0 0 0 0 0 0 1 0 0 0 1 
0 1 0 0 0 0 0 1 0 0 0 1 0 0 0 
1 0 1 0 0 0 1 1 0 0 0 0 0 0 0 
0 0 0 0 1 1 0 1 0 0 1 1 0 0 1 
0 0 0 0 0 0 0 0 0 0 1 0 0 1 0 
0 0 0 0 0 1 0 0 1 0 0 0 1 0 0 
0 0 0 0 1 0 0 0 0 0 1 1 0 0 0 
0 0 0 0 1 0 0 0 0 0 0 0 0 1 0 
1 1 0 0 0 0 0 1 0 0 0 0 1 0 0 
0 0 1 0 1 0 0 0 0 0 0 1 0 0 0 
Run:2
Tempo decorrido:5.54647
Melhor valor encontrado para as trocas:40
Configuração da ordem das tarefas a serem executadas:
4 12 5 11 15 6 13 2 8 3 1 7 10 14 9 
Configuração da matriz final:
0 0 0 0 1 0 1 0 0 0 0 0 0 0 0 
0 0 1 0 0 0 0 1 0 1 0 1 0 1 0 
0 0 0 0 0 0 0 0 0 0 0 0 1 1 0 
0 0 0 0 0 0 0 0 0 0 0 0 0 1 1 
1 1 0 0 0 1 1 0 0 0 0 1 0 0 0 
0 0 1 1 0 0 1 0 0 1 0 0 1 0 0 
0 0 0 0 0 0 0 1 0 0 0 0 0 0 0 
0 0 0 0 1 0 0 0 0 0 0 0 0 0 0 
0 1 0 0 0 0 0 0 0 0 1 1 0 1 0 
0 0 0 0 1 1 0 0 1 1 0 0 0 0 0 
1 0 0 1 1 0 0 0 0 1 1 0 0 0 0 
0 1 0 0 0 0 0 1 1 0 0 0 0 0 0 
0 0 0 0 0 0 0 0 1 1 1 1 0 0 0 
0 1 1 1 1 1 0 0 1 0 0 0 0 0 0 
0 0 0 1 0 0 0 0 0 0 0 0 0 1 0 
0 0 0 0 0 1 1 0 0 0 0 0 0 0 1 
0 1 1 1 0 0 0 0 0 0 0 0 0 0 0 
0 0 1 0 0 0 0 0 0 0 0 0 0 1 0 
0 0 0 0 0 0 1 1 1 0 1 0 0 0 0 
0 1 1 0 0 0 0 0 0 1 0 0 0 0 0 
