Instancia: GE_L5-1.txt
Número de tarefas: 15
Número de ferramentas: 20
Tamanho da caixa de ferramentas: 6
Matriz de entrada:6
0 0 1 0 1 1 0 0 0 0 0 0 1 0 0 
0 0 1 0 1 0 0 0 0 0 0 0 0 0 0 
0 0 1 0 0 0 0 0 0 0 1 0 1 0 0 
0 0 0 0 1 0 0 1 0 0 0 0 1 0 1 
0 0 0 0 0 0 0 1 0 0 1 0 0 1 1 
1 0 1 0 1 0 0 0 0 1 0 0 0 0 0 
0 0 0 1 0 1 0 0 1 0 0 0 0 0 1 
0 0 0 0 0 1 1 1 0 0 0 0 1 0 0 
0 0 0 0 0 0 0 0 0 1 1 0 0 0 0 
0 0 0 0 0 0 0 0 1 1 0 0 0 0 0 
0 1 0 0 0 1 0 0 0 0 0 0 0 0 0 
0 0 0 1 0 0 0 0 1 1 0 0 0 0 0 
0 1 0 0 0 0 0 0 0 0 1 1 0 1 0 
0 0 0 0 0 0 0 0 0 0 0 0 0 1 0 
0 0 0 0 0 0 0 0 0 0 1 0 0 0 0 
1 0 0 1 0 0 0 0 0 0 0 0 1 0 1 
0 0 0 0 0 0 1 0 0 1 1 1 0 0 0 
1 0 1 0 0 1 1 1 0 0 0 1 0 0 1 
1 0 0 0 0 0 0 1 1 0 0 1 0 0 0 
1 0 0 0 0 0 0 0 0 1 0 0 0 0 1 
Run:1
Tempo decorrido:5.5307
Melhor valor encontrado para as trocas:38
Configuração da ordem das tarefas a serem executadas:
4 9 2 12 7 14 11 10 1 15 8 13 5 3 6 
Configuração da matriz final:
0 0 0 0 0 0 0 0 0 0 0 1 1 1 1 
0 0 0 0 0 0 0 0 0 0 0 0 1 1 0 
0 0 0 0 0 0 1 0 0 0 0 1 0 1 0 
0 0 0 0 0 0 0 0 0 1 1 1 1 0 0 
0 0 0 0 0 1 1 0 0 1 1 0 0 0 0 
0 0 0 0 0 0 0 1 1 0 0 0 1 1 0 
1 1 0 0 0 0 0 0 0 1 0 0 0 0 1 
0 0 0 0 1 0 0 0 0 0 1 1 0 0 1 
0 0 0 0 0 0 1 1 0 0 0 0 0 0 0 
0 1 0 0 0 0 0 1 0 0 0 0 0 0 0 
0 0 1 0 0 0 0 0 0 0 0 0 0 0 1 
1 1 0 0 0 0 0 1 0 0 0 0 0 0 0 
0 0 1 1 0 1 1 0 0 0 0 0 0 0 0 
0 0 0 0 0 1 0 0 0 0 0 0 0 0 0 
0 0 0 0 0 0 1 0 0 0 0 0 0 0 0 
1 0 0 0 0 0 0 0 1 1 0 1 0 0 0 
0 0 0 1 1 0 1 1 0 0 0 0 0 0 0 
0 0 0 1 1 0 0 0 1 1 1 0 0 1 1 
0 1 0 1 0 0 0 0 1 0 1 0 0 0 0 
0 0 0 0 0 0 0 1 1 1 0 0 0 0 0 
