Instancia: GE_L5-2.txt
Número de tarefas: 15
Número de ferramentas: 20
Tamanho da caixa de ferramentas: 6
Matriz de entrada:6
1 0 0 0 0 0 0 0 0 0 0 0 0 1 0 
0 1 0 0 1 0 0 0 0 0 0 1 0 0 1 
0 1 1 1 1 0 0 0 1 0 1 0 1 1 0 
0 0 0 0 0 0 0 1 0 0 0 0 0 0 0 
0 1 0 1 0 0 0 0 1 0 1 0 0 1 0 
0 1 0 0 0 0 0 0 0 0 0 0 0 0 1 
0 0 0 0 0 1 0 0 0 0 0 0 0 0 1 
1 1 0 0 0 1 0 0 0 0 0 0 0 0 0 
0 0 0 0 0 0 0 0 0 1 0 0 1 0 0 
0 0 0 0 0 0 1 0 0 0 0 1 0 0 1 
0 0 0 0 0 0 0 0 0 0 0 0 0 0 1 
0 0 1 1 0 0 0 0 0 1 0 0 0 0 0 
0 0 0 0 1 0 1 0 0 0 0 0 0 0 0 
0 0 0 0 0 0 0 0 1 1 0 0 0 0 0 
1 0 0 0 0 0 0 1 0 0 0 0 0 0 0 
0 0 1 0 0 0 0 1 0 0 0 1 0 0 0 
0 0 0 1 1 0 0 0 0 0 0 1 0 0 0 
0 0 0 0 0 0 0 0 0 0 1 0 0 0 0 
0 1 0 0 1 0 1 0 0 0 0 1 0 0 0 
0 0 0 0 0 0 0 1 0 0 1 0 0 0 0 
Run:3
Tempo decorrido:4.47815
Melhor valor encontrado para as trocas:29
Configuração da ordem das tarefas a serem executadas:
7 6 15 12 5 2 11 14 10 9 13 4 3 8 1 
Configuração da matriz final:
0 0 0 0 0 0 0 1 0 0 0 0 0 0 1 
0 0 1 1 1 1 0 0 0 0 0 0 0 0 0 
0 0 0 0 1 1 1 1 0 1 1 1 1 0 0 
0 0 0 0 0 0 0 0 0 0 0 0 0 1 0 
0 0 0 0 0 1 1 1 0 1 0 1 0 0 0 
0 0 1 0 0 1 0 0 0 0 0 0 0 0 0 
0 1 1 0 0 0 0 0 0 0 0 0 0 0 0 
0 1 0 0 0 1 0 0 0 0 0 0 0 0 1 
0 0 0 0 0 0 0 0 1 0 1 0 0 0 0 
1 0 1 1 0 0 0 0 0 0 0 0 0 0 0 
0 0 1 0 0 0 0 0 0 0 0 0 0 0 0 
0 0 0 0 0 0 0 0 1 0 0 1 1 0 0 
1 0 0 0 1 0 0 0 0 0 0 0 0 0 0 
0 0 0 0 0 0 0 0 1 1 0 0 0 0 0 
0 0 0 0 0 0 0 0 0 0 0 0 0 1 1 
0 0 0 1 0 0 0 0 0 0 0 0 1 1 0 
0 0 0 1 1 0 0 0 0 0 0 1 0 0 0 
0 0 0 0 0 0 1 0 0 0 0 0 0 0 0 
1 0 0 1 1 1 0 0 0 0 0 0 0 0 0 
0 0 0 0 0 0 1 0 0 0 0 0 0 1 0 
