Instancia: GE_L8-9.txt
Número de tarefas: 15
Número de ferramentas: 20
Tamanho da caixa de ferramentas: 12
Matriz de entrada:12
0 0 1 0 0 0 0 1 0 0 0 0 0 0 0 
0 0 0 0 1 1 1 0 1 0 0 0 1 0 1 
0 0 0 0 1 0 0 0 0 0 0 0 1 0 0 
0 0 0 0 0 0 0 0 0 1 0 1 0 0 0 
0 0 0 0 0 1 1 1 0 0 1 0 1 1 0 
1 0 0 0 0 0 1 0 1 0 0 1 0 0 0 
1 0 0 0 1 0 0 1 0 0 0 1 0 0 0 
0 0 0 0 0 0 1 0 0 0 0 0 0 0 1 
0 0 1 0 0 0 0 0 0 1 0 0 1 0 0 
1 0 0 0 0 1 0 1 0 0 0 0 1 0 0 
0 0 0 0 0 0 0 0 1 0 0 0 0 0 1 
1 1 0 0 0 0 1 0 0 0 0 0 0 0 0 
0 0 1 0 1 0 0 0 1 0 0 0 0 0 0 
0 0 0 0 0 0 0 1 0 0 0 0 1 1 1 
0 0 1 1 0 0 1 0 1 0 0 0 0 0 0 
0 0 1 0 0 0 0 0 1 1 0 0 0 0 0 
0 1 1 0 1 0 0 0 0 0 1 1 0 0 0 
1 0 0 1 0 0 0 0 0 1 0 0 0 0 0 
0 0 0 0 0 0 0 0 0 0 0 0 0 1 0 
1 0 0 0 0 1 0 0 0 1 0 0 0 0 1 
Run:3
Tempo decorrido:4.89573
Melhor valor encontrado para as trocas:39
Configuração da ordem das tarefas a serem executadas:
12 10 1 14 8 5 13 15 2 6 7 4 9 11 3 
Configuração da matriz final:
0 0 0 0 1 0 0 0 0 0 0 0 0 0 1 
0 0 0 0 0 1 1 1 0 1 1 0 1 0 0 
0 0 0 0 0 1 1 0 0 0 0 0 0 0 0 
1 1 0 0 0 0 0 0 0 0 0 0 0 0 0 
0 0 0 1 1 0 1 0 0 1 1 0 0 1 0 
1 0 1 0 0 0 0 0 0 0 1 0 1 0 0 
1 0 1 0 1 1 0 0 0 0 0 0 0 0 0 
0 0 0 0 0 0 0 1 0 0 1 0 0 0 0 
0 1 0 0 0 0 1 0 0 0 0 0 0 0 1 
0 0 1 0 1 0 1 0 0 1 0 0 0 0 0 
0 0 0 0 0 0 0 1 0 0 0 0 1 0 0 
0 0 1 0 0 0 0 0 1 0 1 0 0 0 0 
0 0 0 0 0 1 0 0 0 0 0 0 1 0 1 
0 0 0 1 1 0 1 1 0 0 0 0 0 0 0 
0 0 0 0 0 0 0 0 0 0 1 1 1 0 1 
0 1 0 0 0 0 0 0 0 0 0 0 1 0 1 
1 0 0 0 0 1 0 0 1 0 0 0 0 1 1 
0 1 1 0 0 0 0 0 0 0 0 1 0 0 0 
0 0 0 1 0 0 0 0 0 0 0 0 0 0 0 
0 1 1 0 0 0 0 1 0 1 0 0 0 0 0 
