Instancia: GE_L6-2.txt
Número de tarefas: 15
Número de ferramentas: 20
Tamanho da caixa de ferramentas: 8
Matriz de entrada:8
0 0 1 0 0 0 0 0 0 1 0 0 1 0 1 
1 0 0 1 0 0 0 1 0 0 0 0 1 1 0 
0 0 0 1 0 0 0 0 1 0 0 1 0 0 0 
0 0 0 0 0 0 0 0 0 0 1 1 0 0 1 
0 1 0 0 0 0 0 0 1 0 0 0 1 1 0 
1 0 1 0 1 0 0 0 0 1 0 0 0 1 0 
0 0 0 0 1 0 0 0 0 1 0 0 1 1 0 
0 1 0 0 0 1 0 0 1 0 0 1 0 0 0 
0 1 1 1 0 0 0 0 0 0 0 1 0 0 1 
0 0 0 0 1 0 1 0 0 0 0 0 1 0 0 
0 0 0 0 0 0 0 0 1 0 0 0 0 0 0 
0 0 0 1 0 0 0 0 0 0 0 0 0 1 1 
0 0 0 0 0 0 0 0 0 1 1 1 0 0 0 
0 0 0 0 1 0 0 1 0 1 1 0 0 0 0 
0 0 0 0 0 1 1 0 0 0 0 0 1 0 0 
0 1 0 0 0 0 0 0 0 0 0 0 0 0 0 
1 0 0 0 0 0 0 0 0 1 0 0 0 0 0 
0 0 0 1 0 0 1 0 0 0 1 0 0 0 0 
1 0 0 0 0 0 1 0 1 0 1 0 0 1 1 
0 0 0 0 0 0 0 0 0 0 0 1 0 0 0 
Run:3
Tempo decorrido:5.67744
Melhor valor encontrado para as trocas:39
Configuração da ordem das tarefas a serem executadas:
8 3 10 5 13 14 1 4 15 12 11 7 2 6 9 
Configuração da matriz final:
0 1 1 0 1 0 0 0 1 0 0 0 0 0 0 
1 0 0 0 1 1 1 1 0 0 0 0 0 0 0 
0 0 0 0 0 0 0 1 0 1 0 0 0 0 1 
0 0 0 0 0 0 0 0 1 1 1 0 0 0 0 
0 0 0 0 1 1 0 0 0 0 0 0 1 0 1 
0 1 1 1 0 1 1 0 0 0 0 0 0 0 0 
0 0 1 1 1 1 0 0 0 0 0 0 0 0 0 
0 0 0 0 0 0 0 0 0 1 0 0 1 1 1 
0 1 0 0 0 0 0 1 1 1 0 0 1 0 0 
0 0 0 1 1 0 0 0 0 0 0 1 0 0 0 
0 0 0 0 0 0 0 0 0 0 0 0 0 0 1 
0 0 0 0 0 1 0 1 1 0 0 0 0 0 0 
0 0 1 0 0 0 0 0 0 1 1 0 0 0 0 
1 0 1 1 0 0 0 0 0 0 1 0 0 0 0 
0 0 0 0 1 0 0 0 0 0 0 1 0 1 0 
0 0 0 0 0 0 0 0 0 0 0 0 1 0 0 
0 0 1 0 0 0 1 0 0 0 0 0 0 0 0 
0 0 0 0 0 0 0 1 0 0 1 1 0 0 0 
0 0 0 0 0 1 1 0 1 0 1 1 0 0 1 
0 0 0 0 0 0 0 0 0 1 0 0 0 0 0 
