Instancia: GE_L5-6.txt
Número de tarefas: 15
Número de ferramentas: 20
Tamanho da caixa de ferramentas: 6
Matriz de entrada:6
1 0 0 0 1 1 0 0 0 0 0 0 1 0 0 
0 0 0 0 0 0 0 1 0 0 0 0 0 0 0 
1 0 1 1 0 0 0 1 0 0 0 0 0 0 0 
0 0 0 1 0 0 0 1 0 0 0 1 0 0 0 
0 0 1 0 0 0 0 0 0 0 0 0 0 1 0 
0 0 0 0 1 0 1 0 0 1 0 0 0 0 1 
0 0 0 0 0 1 1 0 0 0 0 0 0 0 0 
0 0 0 0 0 0 0 1 1 1 0 0 0 0 0 
0 0 0 0 0 0 0 1 0 0 0 0 0 0 0 
0 0 1 0 0 0 0 0 0 0 0 0 0 0 0 
0 0 0 0 0 0 0 0 0 0 1 0 0 0 0 
0 0 0 0 0 0 0 0 0 0 0 0 0 1 0 
0 1 0 0 1 0 0 0 0 0 0 1 0 0 0 
0 0 0 0 0 1 1 1 0 0 0 0 0 0 0 
0 1 0 0 1 0 1 0 0 0 1 0 0 0 0 
1 0 0 1 1 0 1 0 1 0 0 1 0 0 1 
0 1 0 0 0 0 0 0 0 0 0 1 1 0 1 
0 0 0 0 0 0 0 0 0 1 0 0 0 1 0 
0 0 1 0 1 0 0 0 0 0 0 1 0 0 1 
0 0 0 0 0 0 0 0 1 0 0 1 0 0 1 
Run:1
Tempo decorrido:4.56174
Melhor valor encontrado para as trocas:33
Configuração da ordem das tarefas a serem executadas:
10 11 7 6 14 3 4 8 1 2 13 5 12 15 9 
Configuração da matriz final:
0 0 0 1 0 0 0 0 1 0 1 1 0 0 0 
0 0 0 0 0 0 0 1 0 0 0 0 0 0 0 
0 0 0 0 0 1 1 1 1 0 0 0 0 0 0 
0 0 0 0 0 0 1 1 0 0 0 0 1 0 0 
0 0 0 0 1 1 0 0 0 0 0 0 0 0 0 
1 0 1 0 0 0 0 0 0 0 0 1 0 1 0 
0 0 1 1 0 0 0 0 0 0 0 0 0 0 0 
1 0 0 0 0 0 0 1 0 0 0 0 0 0 1 
0 0 0 0 0 0 0 1 0 0 0 0 0 0 0 
0 0 0 0 0 1 0 0 0 0 0 0 0 0 0 
0 1 0 0 0 0 0 0 0 0 0 0 0 0 0 
0 0 0 0 1 0 0 0 0 0 0 0 0 0 0 
0 0 0 0 0 0 0 0 0 1 0 1 1 0 0 
0 0 1 1 0 0 0 1 0 0 0 0 0 0 0 
0 1 1 0 0 0 0 0 0 1 0 1 0 0 0 
0 0 1 0 0 0 1 0 1 0 0 1 1 1 1 
0 0 0 0 0 0 0 0 0 1 1 0 1 1 0 
1 0 0 0 1 0 0 0 0 0 0 0 0 0 0 
0 0 0 0 0 1 0 0 0 0 0 1 1 1 0 
0 0 0 0 0 0 0 0 0 0 0 0 1 1 1 
