Instancia: GE_L7-3.txt
Número de tarefas: 15
Número de ferramentas: 20
Tamanho da caixa de ferramentas: 10
Matriz de entrada:10
1 0 0 0 0 0 1 0 0 1 0 0 0 0 1 
0 0 0 0 0 0 1 0 0 0 0 0 0 1 1 
0 0 1 0 0 1 0 0 0 0 1 0 0 0 1 
0 1 0 0 1 0 0 0 0 0 0 0 0 0 0 
0 0 0 0 0 0 0 0 1 0 0 0 0 0 0 
0 0 0 0 0 0 0 0 1 0 0 1 0 0 0 
0 0 0 1 0 0 0 0 0 1 0 1 1 0 0 
1 0 0 0 0 0 0 0 0 0 0 0 1 1 0 
0 0 0 0 1 0 1 1 0 1 0 0 0 0 0 
0 0 1 0 0 0 0 0 0 1 0 1 0 0 0 
0 0 1 1 0 0 0 0 0 0 1 0 0 0 0 
1 0 1 0 0 1 0 0 0 0 0 0 0 0 0 
0 0 0 1 0 0 0 0 1 0 0 0 0 0 1 
0 0 0 0 1 0 0 1 1 0 1 0 0 1 0 
0 0 0 0 0 0 0 1 1 1 0 1 0 0 0 
0 1 0 1 0 0 1 0 0 0 0 0 0 0 0 
0 0 1 0 0 0 0 0 0 0 0 0 0 0 0 
0 0 0 0 0 1 0 0 0 0 0 0 0 0 0 
0 0 0 0 0 0 1 1 1 0 0 1 0 0 0 
0 0 0 0 1 0 0 0 0 0 0 1 0 0 0 
Run:2
Tempo decorrido:4.16792
Melhor valor encontrado para as trocas:34
Configuração da ordem das tarefas a serem executadas:
3 14 11 15 2 7 6 13 1 10 12 9 5 8 4 
Configuração da matriz final:
0 0 0 1 0 1 0 0 1 1 0 0 0 0 0 
0 1 0 1 0 1 0 0 0 0 0 0 0 0 0 
1 0 1 1 0 0 1 0 0 0 0 0 0 0 0 
0 0 0 0 1 0 0 0 0 0 0 0 1 0 0 
0 0 0 0 0 0 0 0 0 0 0 1 0 0 0 
0 0 0 0 0 0 0 0 0 0 1 1 0 0 0 
0 0 0 0 0 0 0 1 0 1 1 0 0 0 1 
0 1 0 0 0 0 0 1 1 0 0 0 0 0 0 
0 0 0 0 0 1 0 0 0 1 0 0 1 1 0 
1 0 0 0 0 0 0 0 0 1 1 0 0 0 0 
1 0 1 0 0 0 0 0 0 0 0 0 0 0 1 
1 0 0 0 0 0 1 0 1 0 0 0 0 0 0 
0 0 0 1 0 0 0 0 0 0 0 1 0 0 1 
0 1 1 0 0 0 0 0 0 0 0 1 1 1 0 
0 0 0 0 0 0 0 0 0 1 1 1 0 1 0 
0 0 0 0 1 1 0 0 0 0 0 0 0 0 1 
1 0 0 0 0 0 0 0 0 0 0 0 0 0 0 
0 0 0 0 0 0 1 0 0 0 0 0 0 0 0 
0 0 0 0 0 1 0 0 0 0 1 1 0 1 0 
0 0 0 0 0 0 0 0 0 0 1 0 1 0 0 
