Instancia: GE_L8-5.txt
Número de tarefas: 15
Número de ferramentas: 20
Tamanho da caixa de ferramentas: 12
Matriz de entrada:12
1 0 1 0 0 1 1 0 0 0 0 0 0 0 0 
0 0 0 0 1 0 0 1 1 0 0 1 0 0 0 
1 0 0 0 1 0 0 1 0 0 0 0 0 0 0 
0 0 0 0 0 1 1 1 1 0 0 0 0 1 0 
1 0 0 0 0 0 1 0 0 0 0 0 1 1 0 
0 0 1 0 0 1 0 0 1 0 1 0 0 0 0 
0 0 0 0 0 0 0 0 0 0 0 0 0 1 0 
0 0 0 0 0 1 0 0 0 1 0 1 1 0 0 
0 0 0 0 0 0 1 0 0 0 0 0 0 1 1 
0 1 0 0 1 0 0 1 1 0 0 0 1 0 1 
0 0 0 0 0 0 0 0 0 0 1 0 0 0 0 
0 0 1 0 0 0 0 0 0 1 0 0 0 0 1 
0 0 0 0 0 0 0 0 0 0 0 0 1 0 0 
0 0 0 0 0 0 0 0 0 1 0 0 0 1 0 
0 1 0 0 0 0 0 0 0 0 0 0 0 0 0 
0 0 0 1 0 0 0 0 0 1 0 0 0 0 0 
0 0 0 0 0 0 1 0 1 0 0 0 0 0 1 
0 0 0 0 1 1 0 0 0 0 0 0 0 0 0 
0 1 0 1 0 1 0 0 1 0 0 1 0 1 1 
0 0 0 0 0 0 1 0 0 1 0 0 0 0 1 
Run:1
Tempo decorrido:4.56377
Melhor valor encontrado para as trocas:32
Configuração da ordem das tarefas a serem executadas:
3 13 6 5 8 11 9 10 4 12 15 1 7 2 14 
Configuração da matriz final:
1 0 1 0 0 0 0 0 0 0 0 1 1 0 0 
0 0 0 1 1 0 1 0 0 1 0 0 0 0 0 
0 0 0 1 1 0 0 0 0 0 0 1 0 0 0 
0 0 1 0 1 0 1 0 0 0 0 0 1 0 1 
0 1 0 0 0 0 0 0 0 0 0 1 1 0 1 
1 0 1 0 0 1 1 0 0 0 0 0 0 0 0 
0 0 0 0 0 0 0 0 0 0 0 0 0 0 1 
0 1 1 0 0 0 0 1 0 1 0 0 0 0 0 
0 0 0 0 0 0 0 0 0 0 1 0 1 0 1 
0 1 0 1 1 0 1 0 0 0 1 0 0 1 0 
0 0 0 0 0 1 0 0 0 0 0 0 0 0 0 
1 0 0 0 0 0 0 1 0 0 1 0 0 0 0 
0 1 0 0 0 0 0 0 0 0 0 0 0 0 0 
0 0 0 0 0 0 0 1 0 0 0 0 0 0 1 
0 0 0 0 0 0 0 0 0 0 0 0 0 1 0 
0 0 0 0 0 0 0 1 1 0 0 0 0 0 0 
0 0 0 0 0 0 1 0 0 0 1 0 1 0 0 
0 0 1 1 0 0 0 0 0 0 0 0 0 0 0 
0 0 1 0 0 0 1 0 1 1 1 0 0 1 1 
0 0 0 0 0 0 0 1 0 0 1 0 1 0 0 
