Instancia: GE_L6-7.txt
Número de tarefas: 15
Número de ferramentas: 20
Tamanho da caixa de ferramentas: 8
Matriz de entrada:8
1 1 0 0 0 0 0 0 0 0 0 0 0 0 1 
0 0 1 0 0 0 0 0 0 1 0 0 0 1 0 
0 0 0 0 0 0 0 0 0 0 0 0 1 0 0 
0 0 0 0 0 0 0 0 0 1 0 0 0 0 0 
0 0 0 0 0 0 0 0 0 1 0 1 0 0 0 
0 0 1 1 0 0 0 0 0 0 1 0 0 1 1 
1 0 0 1 0 0 0 1 0 0 0 0 0 1 0 
0 0 1 0 1 0 0 0 0 1 0 0 1 1 0 
0 0 0 0 1 1 1 0 0 0 0 0 0 0 0 
1 0 0 0 0 1 0 0 0 0 0 0 0 0 0 
0 0 0 0 0 1 0 0 0 0 1 0 0 0 0 
0 1 0 0 0 0 0 0 1 0 0 0 0 0 0 
0 0 0 0 0 0 1 1 0 0 0 0 1 0 0 
1 1 0 0 1 0 0 0 0 0 0 0 1 1 0 
0 0 1 1 0 0 0 0 0 0 0 1 0 0 0 
0 1 0 0 0 0 0 0 1 0 0 0 0 0 0 
0 0 0 0 0 0 0 0 0 0 1 0 0 0 0 
0 0 0 0 0 0 1 0 1 0 0 0 0 1 0 
0 0 0 1 0 0 1 0 0 0 0 0 0 0 0 
0 0 0 1 0 0 0 0 0 0 0 0 0 0 0 
Run:3
Tempo decorrido:3.92199
Melhor valor encontrado para as trocas:31
Configuração da ordem das tarefas a serem executadas:
6 13 5 1 7 8 4 14 12 3 10 11 15 9 2 
Configuração da matriz final:
0 0 0 1 0 0 0 0 0 0 0 0 1 0 1 
0 0 0 0 0 0 0 1 0 1 1 0 0 0 0 
0 1 0 0 0 0 0 0 0 0 0 0 0 0 0 
0 0 0 0 0 0 0 0 0 0 1 0 0 0 0 
0 0 0 0 0 0 0 0 1 0 1 0 0 0 0 
0 0 0 0 0 0 1 1 0 1 0 1 1 0 0 
0 0 0 1 0 1 1 1 0 0 0 0 0 0 0 
0 1 1 0 0 0 0 1 0 1 1 0 0 0 0 
1 0 1 0 1 0 0 0 0 0 0 0 0 0 0 
1 0 0 1 0 0 0 0 0 0 0 0 0 0 0 
1 0 0 0 0 0 0 0 0 0 0 1 0 0 0 
0 0 0 0 0 0 0 0 0 0 0 0 0 1 1 
0 1 0 0 1 1 0 0 0 0 0 0 0 0 0 
0 1 1 1 0 0 0 1 0 0 0 0 0 0 1 
0 0 0 0 0 0 1 0 1 1 0 0 0 0 0 
0 0 0 0 0 0 0 0 0 0 0 0 0 1 1 
0 0 0 0 0 0 0 0 0 0 0 1 0 0 0 
0 0 0 0 1 0 0 1 0 0 0 0 0 1 0 
0 0 0 0 1 0 1 0 0 0 0 0 0 0 0 
0 0 0 0 0 0 1 0 0 0 0 0 0 0 0 
