Instancia: GE_L8-8.txt
Número de tarefas: 15
Número de ferramentas: 20
Tamanho da caixa de ferramentas: 12
Matriz de entrada:12
0 0 0 0 1 0 1 0 0 0 0 0 1 0 0 
1 0 0 0 0 0 0 0 0 0 0 0 0 0 0 
0 1 0 0 0 0 0 0 0 0 0 0 1 0 0 
0 0 0 0 0 0 0 1 0 0 0 0 1 0 0 
0 0 1 0 1 1 0 1 0 0 0 0 0 1 0 
0 0 1 1 0 0 0 0 1 1 0 0 0 0 0 
0 1 0 0 0 0 0 0 0 0 1 0 0 0 0 
0 0 1 0 1 0 0 0 0 0 1 0 0 0 1 
0 0 0 0 0 1 1 0 0 0 0 1 0 1 0 
0 0 0 0 1 0 0 0 0 0 0 1 0 0 0 
0 1 0 1 0 0 0 0 0 0 1 0 0 0 0 
0 0 0 0 0 0 0 0 0 0 0 0 0 0 1 
0 0 0 0 0 0 0 0 0 1 0 0 0 0 0 
0 0 0 0 0 1 0 0 0 1 0 1 0 0 0 
0 0 0 0 0 0 0 1 0 0 1 0 1 0 0 
0 0 0 0 0 0 0 1 0 0 0 0 0 0 1 
0 0 0 1 0 1 0 1 1 0 1 0 0 0 0 
1 0 0 0 0 0 0 0 0 0 1 0 0 1 0 
0 0 0 0 0 0 0 0 0 1 0 0 0 0 0 
0 0 1 0 1 1 0 1 1 1 0 0 1 1 0 
Run:1
Tempo decorrido:4.36738
Melhor valor encontrado para as trocas:29
Configuração da ordem das tarefas a serem executadas:
5 4 12 1 9 7 3 6 14 11 13 2 8 15 10 
Configuração da matriz final:
1 0 0 0 0 1 0 0 0 0 1 0 0 0 0 
0 0 0 1 0 0 0 0 0 0 0 0 0 0 0 
0 0 0 0 0 0 0 0 0 0 1 1 0 0 0 
0 0 0 0 0 0 0 0 0 0 1 0 1 0 0 
1 0 0 0 0 0 1 1 1 0 0 0 1 0 0 
0 1 0 0 1 0 1 0 0 0 0 0 0 0 1 
0 0 0 0 0 0 0 0 0 1 0 1 0 0 0 
1 0 0 0 0 0 1 0 0 1 0 0 0 1 0 
0 0 1 0 0 1 0 1 1 0 0 0 0 0 0 
1 0 1 0 0 0 0 0 0 0 0 0 0 0 0 
0 1 0 0 0 0 0 0 0 1 0 1 0 0 0 
0 0 0 0 0 0 0 0 0 0 0 0 0 1 0 
0 0 0 0 0 0 0 0 0 0 0 0 0 0 1 
0 0 1 0 0 0 0 1 0 0 0 0 0 0 1 
0 0 0 0 0 0 0 0 0 1 1 0 1 0 0 
0 0 0 0 0 0 0 0 0 0 0 0 1 1 0 
0 1 0 0 1 0 0 1 0 1 0 0 1 0 0 
0 0 0 1 0 0 0 0 1 1 0 0 0 0 0 
0 0 0 0 0 0 0 0 0 0 0 0 0 0 1 
1 0 0 0 1 0 1 1 1 0 1 0 1 0 1 
