Instancia: GE_L5-7.txt
Número de tarefas: 15
Número de ferramentas: 20
Tamanho da caixa de ferramentas: 6
Matriz de entrada:6
0 0 0 0 0 0 1 1 0 0 0 0 1 0 0 
0 0 1 0 1 0 0 0 0 0 0 0 0 0 0 
0 0 0 1 0 0 0 0 0 0 0 0 0 0 0 
1 0 0 0 0 0 0 0 1 0 1 0 0 0 0 
0 0 0 0 0 1 0 0 0 0 1 0 0 0 0 
0 0 0 0 0 1 0 0 1 1 0 0 0 1 1 
0 0 1 1 0 0 0 0 0 1 0 1 0 0 1 
1 0 1 0 0 0 1 0 0 0 0 0 0 0 0 
0 0 0 0 0 0 1 0 1 0 0 0 0 0 1 
0 0 0 1 1 0 0 0 1 0 0 0 0 0 0 
1 1 0 0 0 0 0 0 0 0 1 1 0 1 0 
1 0 0 0 0 0 0 1 0 0 0 0 0 0 0 
0 0 0 0 0 1 0 1 0 0 0 0 1 0 0 
0 1 1 0 0 1 1 1 0 0 0 0 0 1 0 
0 0 0 0 1 0 0 0 1 0 0 0 0 0 1 
1 1 0 0 0 0 0 1 0 0 0 0 0 0 1 
0 0 0 1 0 0 0 0 0 0 0 0 0 1 1 
1 0 0 0 1 0 0 0 0 0 0 0 1 0 0 
0 0 0 0 0 0 1 0 1 0 0 0 0 1 0 
0 0 1 0 0 1 0 0 0 1 1 0 0 0 0 
Run:1
Tempo decorrido:5.44817
Melhor valor encontrado para as trocas:39
Configuração da ordem das tarefas a serem executadas:
5 9 15 4 10 3 7 14 2 13 8 6 11 1 12 
Configuração da matriz final:
0 0 0 0 0 0 1 0 0 1 1 0 0 0 0 
1 0 0 0 0 1 0 0 0 0 0 0 0 0 0 
0 0 0 1 0 0 0 0 0 0 0 0 0 0 0 
0 1 0 0 0 0 0 0 0 0 0 0 1 1 0 
0 0 0 0 0 0 0 0 0 0 0 1 1 0 0 
0 1 1 0 1 0 0 1 0 0 0 1 0 0 0 
0 0 1 1 1 1 0 0 0 0 0 0 0 0 1 
0 0 0 0 0 1 1 0 0 0 0 0 0 1 0 
0 1 1 0 0 0 1 0 0 0 0 0 0 0 0 
1 1 0 1 0 0 0 0 0 0 0 0 0 0 0 
0 0 0 0 0 0 0 1 1 0 0 0 1 1 1 
0 0 0 0 0 0 0 0 0 0 1 0 0 1 0 
0 0 0 0 0 0 0 0 0 1 1 1 0 0 0 
0 0 0 0 0 1 1 1 1 0 1 1 0 0 0 
1 1 1 0 0 0 0 0 0 0 0 0 0 0 0 
0 0 1 0 0 0 0 0 1 0 1 0 0 1 0 
0 0 1 1 0 0 0 1 0 0 0 0 0 0 0 
1 0 0 0 0 0 0 0 0 1 0 0 0 1 0 
0 1 0 0 0 0 1 1 0 0 0 0 0 0 0 
0 0 0 0 1 1 0 0 0 0 0 1 1 0 0 
