Instancia: GE_L8-4.txt
Número de tarefas: 15
Número de ferramentas: 20
Tamanho da caixa de ferramentas: 12
Matriz de entrada:12
0 1 1 0 0 0 0 0 0 0 0 1 1 1 0 
0 0 0 0 1 0 0 0 0 1 0 0 1 1 0 
0 0 1 1 1 0 1 0 0 0 0 0 0 0 0 
1 0 0 1 0 0 0 0 0 0 0 1 0 0 0 
0 1 1 0 0 0 0 0 1 0 1 0 0 0 0 
0 0 1 1 1 0 1 0 1 0 0 0 1 0 0 
0 0 0 0 1 0 0 0 0 0 1 0 1 0 0 
0 0 0 0 0 1 0 0 0 1 0 0 0 0 0 
1 0 0 0 0 0 1 0 0 0 0 0 0 0 0 
0 0 1 0 0 1 0 0 0 0 1 0 0 0 0 
0 0 0 0 0 1 0 1 0 0 1 0 0 0 0 
1 0 0 0 1 0 1 0 1 0 0 0 1 0 0 
0 0 0 0 0 0 0 1 0 0 0 1 1 1 1 
0 0 0 1 0 0 0 0 0 1 1 1 0 0 1 
0 1 0 1 1 1 0 0 0 1 0 0 0 0 0 
0 1 1 0 0 0 1 0 0 0 0 0 0 0 1 
0 1 0 0 0 0 0 0 0 0 0 0 0 1 0 
0 0 0 0 0 0 1 1 0 0 0 0 0 0 0 
0 0 0 0 0 0 0 0 0 0 0 1 0 1 0 
0 0 0 1 0 0 0 0 0 1 0 0 0 1 0 
Run:1
Tempo decorrido:4.98572
Melhor valor encontrado para as trocas:36
Configuração da ordem das tarefas a serem executadas:
2 11 3 8 1 7 9 13 4 5 14 15 6 10 12 
Configuração da matriz final:
1 0 1 0 0 0 0 1 0 0 1 0 0 0 1 
0 0 0 0 0 0 0 1 0 1 1 0 0 1 0 
0 0 1 0 0 1 0 0 1 1 0 0 0 0 0 
0 0 0 0 1 0 0 0 1 0 0 0 0 0 1 
1 1 1 0 0 0 1 0 0 0 0 0 0 0 0 
0 0 1 0 0 1 1 1 1 1 0 0 0 0 0 
0 1 0 0 0 0 0 1 0 1 0 0 0 0 0 
0 0 0 0 0 0 0 0 0 0 0 0 1 1 0 
0 0 0 0 1 1 0 0 0 0 0 0 0 0 0 
0 1 1 0 0 0 0 0 0 0 0 0 1 0 0 
0 1 0 1 0 0 0 0 0 0 0 0 1 0 0 
0 0 0 0 1 1 1 1 0 1 0 0 0 0 0 
0 0 0 1 0 0 0 1 0 0 1 1 0 0 1 
0 1 0 0 0 0 0 0 1 0 0 1 0 1 1 
1 0 0 0 0 0 0 0 1 1 0 0 1 1 0 
1 0 1 0 0 1 0 0 0 0 0 1 0 0 0 
1 0 0 0 0 0 0 0 0 0 1 0 0 0 0 
0 0 0 1 0 1 0 0 0 0 0 0 0 0 0 
0 0 0 0 0 0 0 0 0 0 1 0 0 0 1 
0 0 0 0 0 0 0 0 1 0 1 0 0 1 0 
