Instancia: GE_L6-4.txt
Número de tarefas: 15
Número de ferramentas: 20
Tamanho da caixa de ferramentas: 8
Matriz de entrada:8
0 0 0 0 0 0 0 0 1 0 0 1 0 1 1 
0 0 0 0 0 0 0 1 0 0 0 0 1 0 0 
1 0 0 1 0 0 0 0 1 0 0 0 0 0 0 
1 0 0 1 1 0 1 1 0 1 0 1 0 0 0 
0 1 0 1 0 0 0 0 0 1 0 1 0 0 0 
0 0 0 0 1 0 0 0 0 0 0 0 0 1 0 
0 0 0 0 0 1 0 1 0 0 0 0 0 0 1 
0 0 0 0 0 0 0 0 0 0 1 0 0 1 0 
0 1 0 0 0 1 0 1 0 0 0 0 0 0 0 
1 1 0 0 0 0 0 0 0 0 0 0 0 1 0 
1 0 0 0 0 1 1 0 0 0 1 0 0 0 0 
0 0 1 1 0 1 0 1 0 1 1 0 0 0 0 
0 0 0 0 0 1 0 0 0 0 1 0 0 0 0 
0 0 0 0 0 0 0 0 1 1 0 0 0 1 0 
0 0 1 0 0 1 1 0 0 0 0 0 0 0 0 
1 1 0 1 0 0 1 0 1 0 0 0 0 0 0 
0 0 0 0 1 0 0 0 0 1 1 0 0 0 0 
1 0 0 0 0 0 0 0 0 1 0 1 1 0 1 
0 0 1 0 1 0 0 0 1 0 0 0 0 0 0 
0 1 0 0 0 0 0 0 0 0 0 0 0 0 1 
Run:1
Tempo decorrido:5.47469
Melhor valor encontrado para as trocas:41
Configuração da ordem das tarefas a serem executadas:
2 14 9 15 5 12 3 10 4 1 7 13 8 6 11 
Configuração da matriz final:
0 1 1 1 0 1 0 0 0 0 0 0 0 0 0 
0 0 0 0 0 0 0 0 0 0 0 1 1 0 0 
0 0 1 0 0 0 0 0 1 1 0 0 0 0 0 
0 0 0 0 1 1 0 1 1 1 1 0 1 0 0 
1 0 0 0 0 1 0 1 1 0 0 0 0 0 0 
0 1 0 0 1 0 0 0 0 0 0 0 0 0 0 
0 0 0 1 0 0 0 0 0 0 0 0 1 1 0 
0 1 0 0 0 0 0 0 0 0 0 0 0 0 1 
1 0 0 0 0 0 0 0 0 0 0 0 1 1 0 
1 1 0 0 0 0 0 0 0 1 0 0 0 0 0 
0 0 0 0 0 0 0 0 0 1 1 0 0 1 1 
0 0 0 0 0 0 1 1 1 0 0 0 1 1 1 
0 0 0 0 0 0 0 0 0 0 0 0 0 1 1 
0 1 1 0 0 0 0 1 0 0 0 0 0 0 0 
0 0 0 0 0 0 1 0 0 0 1 0 0 1 0 
1 0 1 0 0 0 0 0 1 1 1 0 0 0 0 
0 0 0 0 1 0 0 1 0 0 0 0 0 0 1 
0 0 0 1 0 1 0 1 0 1 0 1 0 0 0 
0 0 1 0 1 0 1 0 0 0 0 0 0 0 0 
1 0 0 1 0 0 0 0 0 0 0 0 0 0 0 
