Instancia: GE_L5-8.txt
Número de tarefas: 15
Número de ferramentas: 20
Tamanho da caixa de ferramentas: 6
Matriz de entrada:6
0 1 0 0 0 1 0 0 1 1 0 0 1 0 1 
0 0 0 0 0 0 1 0 0 0 0 1 1 0 0 
1 1 0 1 0 0 0 0 0 0 0 1 0 1 0 
0 0 0 0 0 1 0 0 0 0 0 0 0 0 0 
0 1 1 0 0 0 1 0 0 1 0 0 0 0 0 
0 0 0 0 0 1 0 0 1 0 1 0 0 0 0 
0 1 0 0 0 0 0 0 0 0 0 0 1 1 1 
0 1 0 0 0 0 0 0 0 1 0 0 0 0 0 
0 0 0 1 0 0 1 1 1 1 0 0 0 1 0 
1 0 0 0 0 0 1 0 1 1 0 0 1 0 0 
0 0 0 1 0 0 0 0 0 0 1 0 0 0 0 
1 0 1 0 0 0 0 0 0 0 1 0 0 0 0 
0 0 1 1 0 0 0 0 0 0 0 0 1 1 0 
0 0 1 0 0 0 1 0 1 1 0 0 0 0 0 
0 0 1 0 0 0 0 0 0 0 1 1 0 0 1 
1 0 0 0 0 0 1 0 0 0 1 1 0 1 0 
0 0 0 0 1 1 0 0 0 0 0 0 1 0 0 
0 1 0 0 0 1 0 0 1 0 0 0 0 0 0 
1 0 0 0 1 0 0 0 0 0 1 1 0 1 0 
0 0 1 0 0 1 0 1 0 0 0 1 0 0 0 
Run:3
Tempo decorrido:6.02639
Melhor valor encontrado para as trocas:42
Configuração da ordem das tarefas a serem executadas:
5 11 12 1 14 4 8 3 7 10 9 6 2 13 15 
Configuração da matriz final:
0 0 0 0 0 0 0 0 0 1 1 1 1 1 1 
0 0 1 0 0 0 0 0 1 0 0 0 0 1 0 
0 0 1 1 1 1 0 0 0 0 0 0 1 0 0 
0 0 0 0 0 0 0 0 0 0 0 1 0 0 0 
0 0 0 0 0 0 0 1 1 1 0 0 1 0 0 
0 1 0 0 0 0 0 0 0 0 1 1 0 0 0 
0 0 0 0 1 0 0 0 0 0 0 0 1 1 1 
0 0 0 0 0 0 0 0 0 1 0 0 1 0 0 
0 0 0 0 1 1 1 0 1 1 1 0 0 0 0 
0 0 0 1 0 0 0 0 1 1 1 0 0 1 0 
0 1 0 0 0 1 0 0 0 0 0 0 0 0 0 
0 1 0 1 0 0 0 1 0 0 0 0 0 0 0 
0 0 0 0 1 1 0 1 0 0 0 0 0 1 0 
0 0 0 0 0 0 0 1 1 1 1 0 0 0 0 
0 1 1 0 0 0 0 1 0 0 0 0 0 0 1 
0 1 1 1 1 0 0 0 1 0 0 0 0 0 0 
1 0 0 0 0 0 0 0 0 0 0 1 0 1 0 
0 0 0 0 0 0 0 0 0 0 1 1 1 0 0 
1 1 1 1 1 0 0 0 0 0 0 0 0 0 0 
0 0 1 0 0 0 1 1 0 0 0 1 0 0 0 
